1,24-01-2014 22:09,30,59,7.1,99,9.8,0,0.0,0.0,N,0,9.7,9.8,0.0,0.0,0.0,0.0,0.0,0,0
2,24-01-2014 22:14,5,0,0.0,0,0.0,0,0.0,0.0,N,0,-1.0,0.0,0.0,0.0,0.0,0.0,0.0,0,0
3,24-01-2014 22:44,30,60,7.2,99,9.9,952.0,1.1,6.1,NW,1033.7,9.8,9.9,33.0,33.0,33.0,33.0,33.0,1,2
4,24-01-2014 23:14,30,60,7.2,99,10.0,952.2,1.1,7.2,N,1033.9,9.9,10.0,33.0,33.0,33.0,33.0,33.0,1,2
5,24-01-2014 23:44,30,60,7.2,99,10.1,952.1,0.0,1.1,W,1033.8,10.0,10.1,0.0,33.0,33.0,33.0,33.0,0,1
6,25-01-2014 00:14,30,59,7.2,99,10.2,952.3,5.0,11.2,W,1034.0,10.1,10.2,0.0,33.0,33.0,33.0,33.0,1,2
7,25-01-2014 00:44,30,60,7.3,99,10.3,952.5,3.6,7.2,W,1034.2,10.2,10.3,0.0,33.0,33.0,33.0,33.0,1,2
8,25-01-2014 01:14,30,60,7.3,99,10.3,952.7,2.5,8.6,S,1034.4,10.2,10.3,0.0,33.0,33.0,33.0,33.0,1,2
9,25-01-2014 01:44,30,60,7.3,99,10.3,952.8,3.6,6.1,NW,1034.5,10.2,10.3,0.0,33.0,33.0,33.0,33.0,1,2
10,25-01-2014 02:14,30,60,7.4,99,10.2,952.3,6.1,9.7,W,1034.0,10.1,10.2,0.0,33.0,33.0,33.0,33.0,2,2
11,25-01-2014 02:44,30,60,7.4,99,10.2,952.3,0.0,0.0,NW,1034.0,10.1,10.2,0.0,33.0,33.0,33.0,33.0,0,0
12,25-01-2014 03:14,30,60,7.4,98,10.3,952.6,0.0,1.1,N,1034.3,10.0,10.3,0.0,33.0,33.0,33.0,33.0,0,1
13,25-01-2014 03:44,30,60,7.4,99,10.2,952.5,0.0,3.6,SE,1034.2,10.1,10.2,0.0,33.0,33.0,33.0,33.0,0,1
14,25-01-2014 04:14,30,60,7.5,96,10.3,952.5,3.6,7.2,W,1034.2,9.7,10.3,0.0,33.0,33.0,33.0,33.0,1,2
15,25-01-2014 04:44,30,60,7.5,95,10.3,952.7,5.0,9.7,W,1034.4,9.5,10.3,0.0,33.0,33.0,33.0,33.0,1,2
16,25-01-2014 05:14,30,60,7.5,98,10.0,952.3,1.1,5.0,NE,1034.0,9.7,10.0,0.0,33.0,33.0,33.0,33.0,1,1
17,25-01-2014 05:44,30,60,7.5,95,10.3,952.4,3.6,7.2,NE,1034.1,9.5,10.3,0.0,33.0,33.0,33.0,33.0,1,2
18,25-01-2014 06:14,30,60,7.5,92,10.4,952.2,3.6,8.6,NE,1033.9,9.2,10.4,0.0,33.0,33.0,33.0,33.0,1,2
19,25-01-2014 06:44,30,60,7.6,92,10.3,952.4,5.0,9.7,N,1034.1,9.1,10.3,0.0,33.0,33.0,33.0,33.0,1,2
20,25-01-2014 07:14,30,60,7.6,88,10.6,952.7,7.2,13.3,NW,1034.4,8.7,9.5,0.0,33.0,33.0,33.0,33.0,2,3
21,25-01-2014 07:44,30,60,7.6,92,10.4,952.7,8.6,15.8,W,1034.4,9.2,8.4,0.0,33.0,33.0,33.0,33.0,2,3
22,25-01-2014 08:14,30,60,7.6,94,10.2,953.0,1.1,6.1,S,1034.7,9.3,10.2,0.0,33.0,33.0,33.0,33.0,1,2
23,25-01-2014 08:44,30,60,7.6,96,10.1,952.9,2.5,6.1,SE,1034.6,9.5,10.1,0.0,33.0,33.0,33.0,33.0,1,2
24,25-01-2014 09:14,30,60,7.7,98,9.9,953.1,5.0,8.6,SE,1034.8,9.6,9.9,0.0,33.0,33.0,33.0,33.0,1,2
25,25-01-2014 09:44,30,60,7.7,99,9.9,953.4,2.5,6.1,S,1035.1,9.8,9.9,0.0,33.0,33.0,33.0,33.0,1,2
26,25-01-2014 10:14,30,60,7.7,99,11.3,953.5,1.1,2.5,SE,1035.2,11.2,11.3,0.0,33.0,33.0,33.0,33.0,1,1
27,25-01-2014 10:44,30,60,7.7,95,11.3,953.9,5.0,9.7,SW,1035.6,10.5,11.3,0.0,33.0,33.0,33.0,33.0,1,2
28,25-01-2014 11:14,30,60,7.7,94,11.7,954.3,3.6,7.2,SE,1036.0,10.8,11.7,0.0,33.0,33.0,33.0,33.0,1,2
29,25-01-2014 11:44,30,60,7.8,93,11.9,954.6,5.0,9.7,W,1036.3,10.8,11.9,0.0,33.0,33.0,33.0,33.0,1,2
30,25-01-2014 12:14,30,60,7.8,92,12.4,954.7,5.0,8.6,W,1036.4,11.2,12.4,0.0,33.0,33.0,33.0,33.0,1,2
31,25-01-2014 12:44,30,60,7.9,89,12.6,954.6,9.7,15.8,W,1036.3,10.9,10.3,0.0,33.0,33.0,33.0,33.0,2,3
32,25-01-2014 13:14,30,60,7.9,88,12.7,954.3,1.1,5.0,SW,1036.0,10.8,12.7,0.0,33.0,33.0,33.0,33.0,1,1
33,25-01-2014 13:44,30,60,8.0,87,12.8,954.2,3.6,8.6,W,1035.9,10.7,12.8,0.0,33.0,33.0,33.0,33.0,1,2
34,25-01-2014 14:14,30,60,8.0,88,12.6,954.1,2.5,5.0,SW,1035.8,10.7,12.6,0.0,33.0,33.0,33.0,33.0,1,1
35,25-01-2014 14:44,30,60,8.1,87,12.6,954.1,9.7,17.3,W,1035.8,10.5,10.3,0.0,33.0,33.0,33.0,33.0,2,3
36,25-01-2014 15:14,30,60,8.1,87,12.5,954.4,6.1,11.2,SW,1036.1,10.4,12.5,0.0,33.0,33.0,33.0,33.0,2,2
37,25-01-2014 15:44,30,61,8.1,87,12.5,954.5,2.5,6.1,W,1036.2,10.4,12.5,0.0,33.0,33.0,33.0,33.0,1,2
38,25-01-2014 16:14,30,60,8.2,87,12.4,954.6,7.2,12.2,S,1036.3,10.3,11.4,0.0,33.0,33.0,33.0,33.0,2,3
39,25-01-2014 16:44,30,60,8.2,88,12.2,954.7,3.6,5.0,NW,1036.4,10.3,12.2,0.0,33.0,33.0,33.0,33.0,1,1
40,25-01-2014 17:14,30,60,8.3,89,12.2,954.7,2.5,6.1,W,1036.4,10.5,12.2,0.0,33.0,33.0,33.0,33.0,1,2
41,25-01-2014 17:44,30,60,8.3,91,12.0,954.8,3.6,8.6,W,1036.5,10.6,12.0,0.0,33.0,33.0,33.0,33.0,1,2
42,25-01-2014 18:14,30,60,8.3,93,11.5,955.0,3.6,11.2,W,1036.7,10.4,11.5,0.0,33.0,33.0,33.0,33.0,1,2
43,25-01-2014 18:44,30,60,8.4,94,11.0,955.0,1.1,3.6,SW,1036.7,10.1,11.0,0.0,33.0,33.0,33.0,33.0,1,1
44,25-01-2014 19:14,30,60,8.4,95,10.6,955.2,3.6,6.1,S,1036.9,9.8,10.6,0.0,33.0,33.0,33.0,33.0,1,2
45,25-01-2014 19:44,30,60,8.4,94,10.8,955.5,3.6,7.2,S,1037.2,9.9,10.8,0.0,33.0,33.0,33.0,33.0,1,2
46,25-01-2014 20:14,30,60,8.4,96,10.7,955.5,2.5,6.1,SE,1037.2,10.1,10.7,0.0,33.0,33.0,33.0,33.0,1,2
47,25-01-2014 20:44,30,60,8.5,96,10.7,955.5,5.0,9.7,W,1037.2,10.1,10.7,0.0,33.0,33.0,33.0,33.0,1,2
48,25-01-2014 21:14,30,60,8.5,94,11.0,956.0,1.1,3.6,W,1037.7,10.1,11.0,0.0,33.0,33.0,33.0,33.0,1,1
49,25-01-2014 21:44,30,60,8.5,94,10.9,956.0,2.5,5.0,SW,1037.7,10.0,10.9,0.0,33.0,33.0,33.0,33.0,1,1
50,25-01-2014 22:14,30,60,8.5,94,10.8,956.5,5.0,8.6,W,1038.2,9.9,10.8,0.0,33.0,33.0,33.0,33.0,1,2
51,25-01-2014 22:44,30,60,8.5,93,10.8,956.5,0.0,2.5,SW,1038.2,9.7,10.8,0.0,0.0,33.0,33.0,33.0,0,1
52,25-01-2014 23:14,30,60,8.6,92,10.6,956.5,7.2,11.2,W,1038.2,9.4,9.5,0.0,0.0,33.0,33.0,33.0,2,2
53,25-01-2014 23:44,30,60,8.6,91,10.5,956.6,6.1,9.7,W,1038.3,9.1,10.5,0.0,0.0,33.0,33.0,33.0,2,2
54,26-01-2014 00:14,30,60,8.6,93,9.4,956.5,0.0,2.5,W,1038.2,8.3,9.4,0.0,0.0,33.0,33.0,33.0,0,1
55,26-01-2014 00:44,30,60,8.6,96,9.9,956.8,2.5,3.6,W,1038.5,9.3,9.9,0.0,0.0,33.0,33.0,33.0,1,1
56,26-01-2014 01:14,30,60,8.6,96,9.5,956.0,0.0,0.0,S,1037.7,8.9,9.5,0.0,0.0,33.0,33.0,33.0,0,0
57,26-01-2014 01:44,30,60,8.6,99,8.8,955.7,0.0,0.0,NW,1037.4,8.7,8.8,0.0,0.0,33.0,33.0,33.0,0,0
58,26-01-2014 02:14,30,60,8.6,99,8.1,955.4,0.0,2.5,NW,1037.1,8.0,8.1,0.0,0.0,33.0,33.0,33.0,0,1
59,26-01-2014 02:44,30,60,8.6,99,6.8,955.3,1.1,2.5,NE,1037.0,6.7,6.8,0.0,0.0,33.0,33.0,33.0,1,1
60,26-01-2014 03:14,30,60,8.6,99,6.2,955.3,0.0,1.1,NE,1037.0,6.1,6.2,0.0,0.0,33.0,33.0,33.0,0,1
61,26-01-2014 03:44,30,60,8.6,99,5.2,955.4,0.0,0.0,NE,1037.1,5.1,5.2,0.0,0.0,33.0,33.0,33.0,0,0
62,26-01-2014 04:14,30,60,8.5,99,4.7,955.7,1.1,2.5,NE,1037.4,4.6,4.7,0.0,0.0,33.0,33.0,33.0,1,1
63,26-01-2014 04:44,30,60,8.5,99,4.4,955.0,1.1,2.5,NE,1036.7,4.3,4.4,0.0,0.0,33.0,33.0,33.0,1,1
64,26-01-2014 05:14,30,61,8.5,99,5.0,955.1,0.0,1.1,S,1036.8,4.9,5.0,0.0,0.0,33.0,33.0,33.0,0,1
65,26-01-2014 05:44,30,60,8.5,99,6.9,954.5,0.0,1.1,SW,1036.2,6.8,6.9,0.0,0.0,33.0,33.0,33.0,0,1
66,26-01-2014 06:14,30,61,8.4,99,6.3,954.1,0.0,0.0,W,1035.8,6.2,6.3,0.0,0.0,33.0,33.0,33.0,0,0
67,26-01-2014 06:44,30,60,8.4,99,5.9,953.7,0.0,0.0,SW,1035.4,5.8,5.9,0.0,0.0,33.0,33.0,33.0,0,0
68,26-01-2014 07:14,30,60,8.4,99,5.5,954.1,1.1,5.0,NW,1035.8,5.4,5.5,0.0,0.0,33.0,33.0,33.0,1,1
69,26-01-2014 07:44,30,60,8.3,99,5.3,954.1,0.0,1.1,NE,1035.8,5.2,5.3,0.0,0.0,33.0,33.0,33.0,0,1
70,26-01-2014 08:14,30,61,8.3,99,5.3,953.5,0.0,2.5,NE,1035.2,5.2,5.3,0.0,0.0,33.0,33.0,33.0,0,1
71,26-01-2014 08:44,30,60,8.3,99,5.1,952.6,1.1,2.5,S,1034.3,5.0,5.1,0.0,0.0,33.0,33.0,33.0,1,1
72,26-01-2014 09:14,30,60,8.2,99,5.0,952.5,0.0,0.0,SE,1034.2,4.9,5.0,0.0,0.0,33.0,33.0,33.0,0,0
73,26-01-2014 09:44,30,60,8.2,99,7.6,952.5,0.0,1.1,W,1034.2,7.5,7.6,0.0,0.0,33.0,33.0,33.0,0,1
74,26-01-2014 10:14,30,60,8.1,99,10.6,951.8,0.0,2.5,N,1033.5,10.5,10.6,0.0,0.0,33.0,33.0,33.0,0,1
75,26-01-2014 10:44,30,60,8.1,88,10.9,951.9,0.0,2.5,S,1033.6,9.0,10.9,0.0,0.0,33.0,33.0,33.0,0,1
76,26-01-2014 11:14,30,60,8.1,84,11.5,951.7,0.0,1.1,NW,1033.4,8.9,11.5,0.0,0.0,33.0,33.0,33.0,0,1
77,26-01-2014 11:44,30,60,8.1,82,11.2,951.6,2.5,6.1,SE,1033.3,8.3,11.2,0.0,0.0,33.0,33.0,33.0,1,2
78,26-01-2014 12:14,30,60,8.1,80,11.2,951.3,7.2,12.2,NW,1033.0,7.9,10.1,0.0,0.0,33.0,33.0,33.0,2,3
79,26-01-2014 12:44,30,60,8.1,79,11.1,951.0,8.6,13.3,SW,1032.7,7.6,9.2,0.0,0.0,33.0,33.0,33.0,2,3
80,26-01-2014 13:14,30,60,8.1,78,11.4,950.1,3.6,7.2,SW,1031.8,7.7,11.4,0.0,0.0,33.0,33.0,33.0,1,2
81,26-01-2014 13:44,30,60,8.1,73,12.8,949.3,1.1,3.6,W,1031.0,8.1,12.8,0.0,0.0,33.0,33.0,33.0,1,1
82,26-01-2014 14:14,30,60,8.1,77,11.9,948.7,5.0,8.6,SW,1030.4,8.0,11.9,0.0,0.0,33.0,33.0,33.0,1,2
83,26-01-2014 14:44,30,60,8.1,79,11.7,948.3,6.1,11.2,SW,1030.0,8.2,11.7,0.0,0.0,33.0,33.0,33.0,2,2
84,26-01-2014 15:14,30,60,8.1,73,13.1,947.4,6.1,11.2,SW,1029.1,8.4,13.1,0.0,0.0,33.0,33.0,33.0,2,2
85,26-01-2014 15:44,30,60,8.2,73,12.5,947.0,6.1,11.2,S,1028.7,7.8,12.5,0.0,0.0,33.0,33.0,33.0,2,2
86,26-01-2014 16:14,30,60,8.2,78,11.3,946.5,11.2,18.4,S,1028.2,7.6,8.2,0.0,0.0,33.0,33.0,33.0,2,3
87,26-01-2014 16:44,30,60,8.3,80,10.7,946.8,9.7,17.3,S,1028.5,7.4,8.2,0.0,0.0,33.0,33.0,33.0,2,3
88,26-01-2014 17:14,30,60,8.3,82,10.4,946.5,3.6,7.2,SW,1028.2,7.5,10.4,0.0,0.0,33.0,33.0,33.0,1,2
89,26-01-2014 17:44,30,60,8.3,84,9.7,946.4,6.1,9.7,S,1028.1,7.1,9.7,0.0,0.0,33.0,33.0,33.0,2,2
90,26-01-2014 18:14,30,60,8.3,85,9.8,946.0,1.1,5.0,E,1027.7,7.4,9.8,0.0,0.0,33.0,33.0,33.0,1,1
91,26-01-2014 18:44,30,60,8.3,87,9.9,945.6,1.1,3.6,E,1027.3,7.9,9.9,0.0,0.0,33.0,33.0,33.0,1,1
92,26-01-2014 19:14,30,60,8.3,89,9.9,944.8,3.6,12.2,N,1026.5,8.2,9.9,0.0,0.0,33.0,33.0,33.0,1,3
93,26-01-2014 19:44,30,60,8.3,88,10.2,945.1,0.0,0.0,W,1026.8,8.3,10.2,0.0,0.0,33.0,33.0,33.0,0,0
94,26-01-2014 20:14,30,60,8.4,88,10.4,944.9,1.1,3.6,SE,1026.6,8.5,10.4,0.0,0.0,33.0,33.0,33.0,1,1
95,26-01-2014 20:44,30,60,8.4,89,10.0,944.6,0.0,0.0,SE,1026.3,8.3,10.0,0.0,0.0,33.0,33.0,33.0,0,0
96,26-01-2014 21:14,30,60,8.4,95,9.2,944.5,2.5,3.6,N,1026.2,8.5,9.2,0.0,0.0,33.0,33.0,33.0,1,1
97,26-01-2014 21:44,30,60,8.4,98,8.8,944.1,0.0,0.0,NW,1025.8,8.5,8.8,0.0,0.0,33.0,33.0,33.0,0,0
98,26-01-2014 22:14,30,60,8.4,99,8.6,944.0,0.0,1.1,N,1025.7,8.5,8.6,0.0,0.0,33.0,33.0,33.0,0,1
99,26-01-2014 22:44,30,60,8.4,99,8.6,943.9,6.1,9.7,NW,1025.6,8.5,8.6,0.0,0.0,33.0,33.0,33.0,2,2
100,26-01-2014 23:14,30,60,8.4,99,8.9,944.1,8.6,15.8,W,1025.8,8.8,6.8,0.0,0.0,33.0,33.0,33.0,2,3
101,26-01-2014 23:44,30,60,8.4,98,8.1,944.4,1.1,5.0,N,1026.1,7.8,8.1,0.0,0.0,33.0,33.0,33.0,1,1
102,27-01-2014 00:14,30,61,8.5,96,8.1,944.4,15.8,25.6,SW,1026.1,7.5,2.5,0.0,0.0,33.0,33.0,33.0,3,4
103,27-01-2014 00:44,30,60,8.5,97,7.8,944.2,3.6,7.2,SW,1025.9,7.4,7.8,0.0,0.0,33.0,33.0,33.0,1,2
104,27-01-2014 01:14,30,61,8.5,95,7.8,944.3,9.7,20.9,W,1026.0,7.1,5.0,0.0,0.0,33.0,33.0,33.0,2,4
105,27-01-2014 01:44,30,61,8.5,94,7.7,943.8,12.2,27.0,W,1025.5,6.8,3.5,0.0,0.0,33.0,33.0,33.0,3,4
106,27-01-2014 02:14,30,60,8.5,94,7.3,943.2,5.0,8.6,SW,1024.9,6.4,7.3,0.0,0.0,33.0,33.0,33.0,1,2
107,27-01-2014 02:44,30,60,8.5,91,7.3,943.5,8.6,13.3,W,1025.2,5.9,5.1,0.0,0.0,33.0,33.0,33.0,2,3
108,27-01-2014 03:14,30,60,8.4,88,7.2,943.2,3.6,7.2,S,1024.9,5.4,7.2,0.0,0.0,33.0,33.0,33.0,1,2
109,27-01-2014 03:44,30,60,8.4,90,6.8,943.0,6.1,8.6,S,1024.7,5.3,6.8,0.0,0.0,33.0,33.0,33.0,2,2
110,27-01-2014 04:14,30,60,8.4,87,6.5,943.0,6.1,11.2,W,1024.7,4.5,6.5,0.0,0.0,33.0,33.0,33.0,2,2
111,27-01-2014 04:44,30,60,8.4,85,6.3,942.9,3.6,6.1,W,1024.6,4.0,6.3,0.0,0.0,33.0,33.0,33.0,1,2
112,27-01-2014 05:14,30,60,8.4,86,5.9,942.3,12.2,23.4,W,1024.0,3.7,1.4,0.0,0.0,33.0,33.0,33.0,3,4
113,27-01-2014 05:44,30,60,8.4,84,5.8,942.2,14.8,20.9,W,1023.9,3.3,0.1,0.0,0.0,33.0,33.0,33.0,3,4
114,27-01-2014 06:14,30,60,8.3,83,5.8,942.3,6.1,12.2,W,1024.0,3.1,5.8,0.0,0.0,33.0,33.0,33.0,2,3
115,27-01-2014 06:44,30,60,8.3,81,5.6,942.1,12.2,20.9,W,1023.8,2.6,1.1,0.0,0.0,33.0,33.0,33.0,3,4
116,27-01-2014 07:14,30,60,8.3,80,5.3,942.5,6.1,13.3,W,1024.2,2.1,5.3,0.0,0.0,33.0,33.0,33.0,2,3
117,27-01-2014 07:44,30,60,8.2,80,5.2,942.3,3.6,7.2,NW,1024.0,2.0,5.2,0.0,0.0,33.0,33.0,33.0,1,2
118,27-01-2014 08:14,30,60,8.2,77,5.2,942.1,9.7,20.9,NW,1023.8,1.5,2.1,0.0,0.0,33.0,33.0,33.0,2,4
119,27-01-2014 08:44,30,60,8.2,77,5.2,941.5,6.1,11.2,W,1023.2,1.5,5.2,0.0,0.0,33.0,33.0,33.0,2,2
120,27-01-2014 09:14,30,60,8.1,80,4.8,941.3,1.1,3.6,NW,1023.0,1.6,4.8,0.0,0.0,33.0,33.0,33.0,1,1
121,27-01-2014 09:44,30,59,8.1,81,5.0,941.3,1.1,2.5,E,1023.0,2.0,5.0,0.0,0.0,33.0,33.0,33.0,1,1
122,27-01-2014 10:14,30,59,8.0,78,5.6,941.3,2.5,5.0,S,1023.0,2.1,5.6,0.0,0.0,33.0,33.0,33.0,1,1
123,27-01-2014 10:44,30,59,8.0,79,5.6,941.2,1.1,5.0,SW,1022.9,2.3,5.6,0.0,0.0,33.0,33.0,33.0,1,1
124,27-01-2014 11:14,30,59,8.0,79,5.8,940.8,2.5,6.1,S,1022.5,2.4,5.8,0.0,0.0,33.0,33.0,33.0,1,2
125,27-01-2014 11:44,30,59,7.9,71,7.9,941.0,1.1,3.6,W,1022.7,3.0,7.9,0.0,0.0,33.0,33.0,33.0,1,1
126,27-01-2014 12:14,30,59,7.9,73,6.9,941.0,2.5,6.1,NW,1022.7,2.4,6.9,0.0,0.0,33.0,33.0,33.0,1,2
127,27-01-2014 12:44,30,59,7.9,73,7.6,940.2,1.1,3.6,W,1021.9,3.1,7.6,0.0,0.0,33.0,33.0,33.0,1,1
128,27-01-2014 13:14,30,59,7.9,69,8.0,939.6,3.6,6.1,NW,1021.3,2.7,8.0,0.0,0.0,33.0,33.0,33.0,1,2
129,27-01-2014 13:44,30,59,7.9,65,9.0,938.7,6.1,8.6,NW,1020.4,2.8,9.0,0.0,0.0,33.0,33.0,33.0,2,2
130,27-01-2014 14:14,30,59,7.9,57,10.6,938.4,5.0,9.7,NW,1020.1,2.4,10.6,0.0,0.0,33.0,33.0,33.0,1,2
131,27-01-2014 14:44,30,59,7.9,61,8.8,937.9,12.2,17.3,NW,1019.6,1.7,4.8,0.0,0.0,33.0,33.0,33.0,3,3
132,27-01-2014 15:14,30,59,7.9,66,7.4,937.5,17.3,25.6,W,1019.2,1.5,1.1,0.0,0.0,33.0,33.0,33.0,3,4
133,27-01-2014 15:44,30,59,7.9,66,8.9,937.2,5.0,9.7,S,1018.9,2.9,8.9,0.0,0.0,33.0,33.0,33.0,1,2
134,27-01-2014 16:14,30,59,7.9,63,9.1,937.0,14.8,24.5,W,1018.7,2.4,4.1,0.0,0.0,33.0,33.0,33.0,3,4
135,27-01-2014 16:44,30,59,8.0,79,6.4,937.1,11.2,18.4,W,1018.8,3.0,2.6,0.0,0.0,33.0,33.0,33.0,2,3
136,27-01-2014 17:14,30,59,8.0,73,6.4,936.8,11.2,18.4,W,1018.5,1.9,2.6,0.0,0.0,33.0,33.0,33.0,2,3
137,27-01-2014 17:44,30,58,8.0,75,5.9,937.2,18.4,27.0,W,1018.9,1.8,-1.2,0.0,0.0,33.0,33.0,33.0,3,4
138,27-01-2014 18:14,30,58,8.0,78,5.4,937.0,0.0,1.1,SW,1018.7,1.9,5.4,0.0,0.0,33.0,33.0,33.0,0,1
139,27-01-2014 18:44,30,58,7.9,79,5.0,937.6,6.1,14.8,SW,1019.3,1.7,5.0,0.0,0.0,33.0,33.0,33.0,2,3
140,27-01-2014 19:14,30,58,7.9,84,4.4,938.0,8.6,18.4,W,1019.7,1.9,1.9,0.0,0.0,33.0,33.0,33.0,2,3
141,27-01-2014 19:44,30,58,7.9,87,4.1,937.5,6.1,12.2,W,1019.2,2.1,4.1,0.0,0.0,33.0,33.0,33.0,2,3
142,27-01-2014 20:14,30,58,7.9,88,3.8,937.9,6.1,9.7,W,1019.6,2.0,3.8,0.0,0.0,33.0,33.0,33.0,2,2
143,27-01-2014 20:44,30,58,7.9,95,2.6,938.6,6.1,11.2,SW,1020.3,1.9,2.6,0.0,0.0,33.0,33.0,33.0,2,2
144,27-01-2014 21:14,30,58,7.8,96,2.2,939.1,6.1,8.6,W,1020.8,1.6,2.2,0.0,0.0,33.0,33.0,33.0,2,2
145,27-01-2014 21:44,30,58,7.8,98,1.5,938.4,1.1,3.6,W,1020.1,1.2,1.5,0.0,0.0,33.0,33.0,33.0,1,1
146,27-01-2014 22:14,30,58,7.8,96,2.2,938.7,14.8,20.9,NW,1020.4,1.6,-4.2,0.0,0.0,33.0,33.0,33.0,3,4
147,27-01-2014 22:44,30,58,7.7,92,2.6,938.9,2.5,7.2,SSW,1020.6,1.4,2.6,0.0,0.0,33.0,33.0,33.0,1,2
148,27-01-2014 23:14,30,58,7.7,97,1.8,939.0,15.8,24.5,NW,1020.7,1.4,-5.2,0.0,0.0,33.0,33.0,33.0,3,4
149,27-01-2014 23:44,30,58,7.6,95,2.5,939.1,3.6,7.2,NW,1020.8,1.8,2.5,0.0,0.0,33.0,33.0,33.0,1,2
150,28-01-2014 00:14,30,58,7.5,91,2.5,938.6,3.6,9.7,NW,1020.3,1.2,2.5,0.0,0.0,33.0,33.0,33.0,1,2
151,28-01-2014 00:44,30,58,7.5,91,2.6,938.3,2.5,7.2,W,1020.0,1.3,2.6,0.0,0.0,33.0,33.0,33.0,1,2
152,28-01-2014 01:14,30,58,7.5,89,2.7,938.6,5.0,11.2,SE,1020.3,1.1,2.7,0.0,0.0,33.0,33.0,33.0,1,2
153,28-01-2014 01:44,30,58,7.4,88,2.3,938.2,3.6,8.6,SW,1019.9,0.5,2.3,0.0,0.0,33.0,33.0,33.0,1,2
154,28-01-2014 02:14,30,58,7.3,82,2.7,938.2,2.5,8.6,W,1019.9,-0.1,2.7,0.0,0.0,33.0,33.0,33.0,1,2
155,28-01-2014 02:44,30,58,7.3,82,2.9,938.0,3.6,9.7,SW,1019.7,0.1,2.9,0.0,0.0,33.0,33.0,33.0,1,2
156,28-01-2014 03:14,30,58,7.2,82,3.0,938.1,1.1,3.6,W,1019.8,0.2,3.0,0.0,0.0,33.0,33.0,33.0,1,1
157,28-01-2014 03:44,30,57,7.2,85,2.8,938.0,0.0,0.0,S,1019.7,0.5,2.8,0.0,0.0,33.0,33.0,33.0,0,0
158,28-01-2014 04:14,30,57,7.1,86,2.8,938.0,2.5,6.1,S,1019.7,0.7,2.8,0.0,0.0,33.0,33.0,33.0,1,2
159,28-01-2014 04:44,30,57,7.0,85,2.5,937.5,3.6,7.2,NW,1019.2,0.2,2.5,0.0,0.0,33.0,33.0,33.0,1,2
160,28-01-2014 05:14,30,57,7.0,84,2.5,937.5,3.6,8.6,SW,1019.2,0.1,2.5,0.0,0.0,33.0,33.0,33.0,1,2
161,28-01-2014 05:44,30,57,6.9,84,2.3,937.1,5.0,8.6,S,1018.8,-0.1,2.3,0.0,0.0,33.0,33.0,33.0,1,2
162,28-01-2014 06:14,30,57,6.9,84,2.3,937.0,6.1,12.2,SW,1018.7,-0.1,2.3,0.0,0.0,33.0,33.0,33.0,2,3
163,28-01-2014 06:44,30,57,6.8,84,2.3,936.3,1.1,5.0,SW,1018.0,-0.1,2.3,0.0,0.0,33.0,33.0,33.0,1,1
164,28-01-2014 07:14,30,57,6.7,85,2.0,936.1,2.5,5.0,W,1017.8,-0.3,2.0,0.0,0.0,33.0,33.0,33.0,1,1
165,28-01-2014 07:44,30,58,6.7,86,2.2,935.4,2.5,7.2,W,1017.1,0.1,2.2,0.0,0.0,33.0,33.0,33.0,1,2
166,28-01-2014 08:14,30,57,6.6,86,2.0,935.0,0.0,3.6,SW,1016.7,-0.1,2.0,0.0,0.0,33.0,33.0,33.0,0,1
167,28-01-2014 08:44,30,57,6.6,84,2.7,934.6,1.1,2.5,W,1016.3,0.3,2.7,0.0,0.0,33.0,33.0,33.0,1,1
168,28-01-2014 09:14,30,57,6.5,84,2.8,934.2,1.1,2.5,NE,1015.9,0.4,2.8,0.0,0.0,33.0,33.0,33.0,1,1
169,28-01-2014 09:44,30,57,6.5,79,3.8,933.9,5.0,13.3,S,1015.6,0.5,3.8,0.0,0.0,33.0,33.0,33.0,1,3
170,28-01-2014 10:14,30,57,6.5,76,4.5,933.4,11.2,18.4,SW,1015.1,0.6,0.4,0.0,0.0,33.0,33.0,33.0,2,3
171,28-01-2014 10:44,30,57,6.4,77,4.8,933.0,7.2,19.4,SW,1014.7,1.1,3.4,0.0,0.0,33.0,33.0,33.0,2,3
172,28-01-2014 11:14,30,57,6.4,78,5.1,932.4,6.1,11.2,N,1014.1,1.6,5.1,0.0,0.0,33.0,33.0,33.0,2,2
173,28-01-2014 11:44,30,57,6.3,82,4.8,931.9,3.6,6.1,NE,1013.6,2.0,4.8,0.0,0.0,33.0,33.0,33.0,1,2
174,28-01-2014 12:14,30,57,6.3,82,5.3,931.1,9.7,23.4,W,1012.8,2.5,2.2,0.0,0.0,33.0,33.0,33.0,2,4
175,28-01-2014 12:44,30,57,6.3,77,6.5,929.5,8.6,20.9,S,1011.2,2.8,4.2,0.0,0.0,33.0,33.0,33.0,2,4
176,28-01-2014 13:14,30,57,6.3,74,8.1,928.2,12.2,20.9,E,1009.9,3.8,4.0,0.0,0.0,33.0,33.0,33.0,3,4
177,28-01-2014 13:44,30,57,6.3,81,6.3,927.4,18.4,40.3,SW,1009.1,3.3,-0.6,0.0,0.0,33.0,33.0,33.0,3,6
178,28-01-2014 14:14,30,57,6.3,89,5.7,927.2,5.0,9.7,W,1008.9,4.0,5.7,0.0,0.0,33.0,33.0,33.0,1,2
179,28-01-2014 14:44,30,57,6.2,93,5.2,926.4,2.5,5.0,SW,1008.1,4.2,5.2,0.0,0.0,33.0,33.0,33.0,1,1
180,28-01-2014 15:14,30,57,6.2,94,5.5,925.9,1.1,3.6,NW,1007.6,4.6,5.5,0.0,0.0,33.0,33.0,33.0,1,1
181,28-01-2014 15:44,30,57,6.2,93,6.3,925.0,1.1,5.0,NW,1006.7,5.3,6.3,0.0,0.0,33.0,33.0,33.0,1,1
182,28-01-2014 16:14,30,57,6.2,84,8.5,924.0,9.7,17.3,S,1005.7,6.0,5.7,0.0,0.0,33.0,33.0,33.0,2,3
183,28-01-2014 16:44,30,57,6.2,72,10.4,923.5,5.0,9.7,SW,1005.2,5.6,10.4,0.0,0.0,33.0,33.0,33.0,1,2
184,28-01-2014 17:14,30,58,6.3,70,10.0,923.0,11.2,24.5,W,1004.7,4.8,6.7,0.0,0.0,33.0,33.0,33.0,2,4
185,28-01-2014 17:44,30,58,6.3,69,9.5,922.8,14.8,25.6,NW,1004.5,4.1,4.6,0.0,0.0,33.0,33.0,33.0,3,4
186,28-01-2014 18:14,30,57,6.4,73,7.9,922.6,12.2,25.6,S,1004.3,3.4,3.8,0.0,0.0,33.0,33.0,33.0,3,4
187,28-01-2014 18:44,30,58,6.4,72,7.4,923.4,6.1,12.2,SW,1005.1,2.7,7.4,0.0,0.0,33.0,33.0,33.0,2,3
188,28-01-2014 19:14,30,58,6.4,72,7.1,923.7,9.7,17.3,NW,1005.4,2.4,4.2,0.0,0.0,33.0,33.0,33.0,2,3
189,28-01-2014 19:44,30,58,6.4,77,6.5,924.0,2.5,6.1,W,1005.7,2.8,6.5,0.0,0.0,33.0,33.0,33.0,1,2
190,28-01-2014 20:14,30,58,6.4,81,5.6,924.1,1.1,3.6,W,1005.8,2.6,5.6,0.0,0.0,33.0,33.0,33.0,1,1
191,28-01-2014 20:44,30,58,6.3,86,4.4,924.2,3.6,6.1,NW,1005.9,2.3,4.4,0.0,0.0,33.0,33.0,33.0,1,2
192,28-01-2014 21:14,30,58,6.3,85,4.6,924.3,0.0,1.1,SW,1006.0,2.3,4.6,0.0,0.0,33.0,33.0,33.0,0,1
193,28-01-2014 21:44,30,58,6.3,82,4.5,924.4,0.0,1.1,SE,1006.1,1.7,4.5,0.0,0.0,33.0,33.0,33.0,0,1
194,28-01-2014 22:14,30,57,6.3,84,4.1,924.1,1.1,3.6,SE,1005.8,1.6,4.1,0.0,0.0,33.0,33.0,33.0,1,1
195,28-01-2014 22:44,30,57,6.3,82,4.1,924.0,2.5,5.0,W,1005.7,1.3,4.1,0.0,0.0,33.0,33.0,33.0,1,1
196,28-01-2014 23:14,30,57,6.3,80,4.4,923.9,1.1,3.6,S,1005.6,1.3,4.4,0.0,0.0,33.0,33.0,33.0,1,1
197,28-01-2014 23:44,30,57,6.3,79,4.3,924.0,0.0,2.5,SE,1005.7,1.0,4.3,0.0,0.0,33.0,33.0,33.0,0,1
198,29-01-2014 00:14,30,58,6.2,74,4.7,923.8,3.6,7.2,NW,1005.5,0.5,4.7,0.0,0.0,33.0,33.0,33.0,1,2
199,29-01-2014 00:44,30,58,6.2,73,4.8,923.5,5.0,8.6,SW,1005.2,0.4,4.8,0.0,0.0,33.0,33.0,33.0,1,2
200,29-01-2014 01:14,30,57,6.2,75,4.7,923.6,7.2,14.8,W,1005.3,0.7,3.3,0.0,0.0,33.0,33.0,33.0,2,3
201,29-01-2014 01:44,30,58,6.2,75,4.6,923.3,11.2,15.8,SW,1005.0,0.6,0.5,0.0,0.0,33.0,33.0,33.0,2,3
202,29-01-2014 02:14,30,58,6.1,74,4.4,923.1,6.1,15.8,W,1004.8,0.2,4.4,0.0,0.0,33.0,33.0,33.0,2,3
203,29-01-2014 02:44,30,57,6.1,75,4.0,923.5,2.5,6.1,W,1005.2,0.0,4.0,0.0,0.0,33.0,33.0,33.0,1,2
204,29-01-2014 03:14,30,57,6.1,77,3.9,923.2,3.6,14.8,SW,1004.9,0.2,3.9,0.0,0.0,33.0,33.0,33.0,1,3
205,29-01-2014 03:44,30,57,6.0,75,4.1,923.3,2.5,6.1,SW,1005.0,0.1,4.1,0.0,0.0,33.0,33.0,33.0,1,2
206,29-01-2014 04:14,30,57,6.0,76,3.7,923.6,5.0,9.7,NW,1005.3,-0.1,3.7,0.0,0.0,33.0,33.0,33.0,1,2
207,29-01-2014 04:44,30,57,6.0,76,3.6,923.5,2.5,3.6,SW,1005.2,-0.2,3.6,0.0,0.0,33.0,33.0,33.0,1,1
208,29-01-2014 05:14,30,57,5.9,78,3.2,923.5,3.6,5.0,W,1005.2,-0.3,3.2,0.0,0.0,33.0,33.0,33.0,1,1
209,29-01-2014 05:44,30,57,5.9,79,3.0,923.5,2.5,3.6,W,1005.2,-0.3,3.0,0.0,0.0,33.0,33.0,33.0,1,1
210,29-01-2014 06:14,30,57,5.9,80,2.8,923.5,1.1,3.6,NE,1005.2,-0.3,2.8,0.0,0.0,33.0,33.0,33.0,1,1
211,29-01-2014 06:44,30,57,5.8,83,2.2,923.6,2.5,6.1,W,1005.3,-0.4,2.2,0.0,0.0,33.0,33.0,33.0,1,2
212,29-01-2014 07:14,30,57,5.8,84,1.7,923.7,0.0,5.0,NE,1005.4,-0.7,1.7,0.0,0.0,33.0,33.0,33.0,0,1
213,29-01-2014 07:44,30,57,5.7,88,0.5,924.5,0.0,1.1,W,1006.2,-1.3,0.5,0.0,0.0,33.0,33.0,33.0,0,1
214,29-01-2014 08:14,30,57,5.7,91,0.0,924.8,0.0,2.5,NE,1006.5,-1.3,0.0,0.0,0.0,33.0,33.0,33.0,0,1
215,29-01-2014 08:44,30,57,5.6,93,-0.3,925.0,1.1,3.6,NE,1006.7,-1.3,-0.3,0.0,0.0,33.0,33.0,33.0,1,1
216,29-01-2014 09:14,30,57,5.6,95,-0.6,925.5,0.0,0.0,N,1007.2,-1.3,-0.6,0.0,0.0,33.0,33.0,33.0,0,0
217,29-01-2014 09:44,30,57,5.5,96,4.5,925.7,0.0,0.0,NE,1007.4,3.9,4.5,0.0,0.0,33.0,33.0,33.0,0,0
218,29-01-2014 10:14,30,57,5.5,80,8.7,926.0,0.0,0.0,NE,1007.7,5.5,8.7,0.0,0.0,33.0,33.0,33.0,0,0
219,29-01-2014 10:44,30,57,5.4,64,9.7,926.2,0.0,0.0,S,1007.9,3.2,9.7,0.0,0.0,33.0,33.0,33.0,0,0
220,29-01-2014 11:14,30,57,5.4,61,9.2,926.3,2.5,5.0,SW,1008.0,2.1,9.2,0.0,0.0,33.0,33.0,33.0,1,1
221,29-01-2014 11:45,31,57,5.4,59,10.0,926.5,2.5,5.0,SW,1008.2,2.4,10.0,0.0,0.0,33.0,33.0,33.0,1,1
222,29-01-2014 12:15,30,57,5.4,65,7.8,926.8,3.6,8.6,SW,1008.5,1.6,7.8,0.0,0.0,33.0,33.0,33.0,1,2
223,29-01-2014 12:45,30,57,5.4,62,8.2,926.6,3.6,9.7,S,1008.3,1.4,8.2,0.0,0.0,33.0,33.0,33.0,1,2
224,29-01-2014 13:15,30,57,5.4,68,7.2,927.0,9.7,17.3,NW,1008.7,1.7,4.3,0.0,0.0,33.0,33.0,33.0,2,3
225,29-01-2014 13:45,30,57,5.4,76,6.4,927.2,8.6,18.4,NW,1008.9,2.5,4.1,0.0,0.0,33.0,33.0,33.0,2,3
226,29-01-2014 14:15,30,57,5.4,69,8.7,927.0,3.6,8.6,W,1008.7,3.3,8.7,0.0,0.0,33.0,33.0,33.0,1,2
227,29-01-2014 14:45,30,57,5.4,73,8.6,927.2,5.0,11.2,SW,1008.9,4.0,8.6,0.0,0.0,33.0,33.0,33.0,1,2
228,29-01-2014 15:15,30,57,5.5,70,8.7,927.3,9.7,18.4,SW,1009.0,3.5,6.0,0.0,0.0,33.0,33.0,33.0,2,3
229,29-01-2014 15:45,30,57,5.5,76,6.6,927.5,6.1,17.3,W,1009.2,2.7,6.6,0.0,0.0,33.0,33.0,33.0,2,3
230,29-01-2014 16:15,30,57,5.5,85,5.2,928.0,9.7,18.4,W,1009.7,2.9,2.1,0.0,0.0,33.0,33.0,33.0,2,3
231,29-01-2014 16:45,30,57,5.6,88,4.3,928.4,12.2,20.9,SW,1010.1,2.5,-0.4,0.0,0.0,33.0,33.0,33.0,3,4
232,29-01-2014 17:15,30,57,5.6,85,5.1,928.7,12.2,19.4,W,1010.4,2.8,0.5,0.0,0.0,33.0,33.0,33.0,3,3
233,29-01-2014 17:45,30,57,5.6,83,5.1,928.9,3.6,8.6,W,1010.6,2.5,5.1,0.0,0.0,33.0,33.0,33.0,1,2
234,29-01-2014 18:15,30,57,5.6,83,4.9,929.3,6.1,11.2,SW,1011.0,2.3,4.9,0.0,0.0,33.0,33.0,33.0,2,2
235,29-01-2014 18:45,30,57,5.7,92,2.7,930.4,11.2,20.9,W,1012.1,1.5,-1.6,0.0,0.0,33.0,33.0,33.0,2,4
236,29-01-2014 19:15,30,57,5.7,96,2.2,930.7,0.0,2.5,W,1012.4,1.6,2.2,0.0,0.0,33.0,33.0,33.0,0,1
237,29-01-2014 19:45,30,57,5.7,96,1.5,931.5,2.5,6.1,SW,1013.2,0.9,1.5,0.0,0.0,33.0,33.0,33.0,1,2
238,29-01-2014 20:15,30,57,5.7,98,1.0,931.7,0.0,1.1,W,1013.4,0.7,1.0,0.0,0.0,33.0,33.0,33.0,0,1
239,29-01-2014 20:45,30,57,5.7,99,0.8,932.1,0.0,2.5,S,1013.8,0.7,0.8,0.0,0.0,33.0,33.0,33.0,0,1
240,29-01-2014 21:15,30,57,5.6,99,1.4,932.2,0.0,2.5,W,1013.9,1.3,1.4,0.0,0.0,33.0,33.0,33.0,0,1
241,29-01-2014 21:45,30,57,5.6,99,1.1,932.7,1.1,3.6,SSW,1014.4,1.0,1.1,0.0,0.0,33.0,33.0,33.0,1,1
242,29-01-2014 22:15,30,57,5.6,99,0.9,933.0,3.6,7.2,SW,1014.7,0.8,0.9,0.0,0.0,33.0,33.0,33.0,1,2
243,29-01-2014 22:45,30,57,5.6,99,1.1,933.3,3.6,7.2,S,1015.0,1.0,1.1,0.0,0.0,33.0,33.0,33.0,1,2
244,29-01-2014 23:15,30,57,5.6,99,1.0,933.5,1.1,3.6,W,1015.2,0.9,1.0,0.0,0.0,33.0,33.0,33.0,1,1
245,29-01-2014 23:45,30,57,5.6,99,1.4,933.1,0.0,3.6,W,1014.8,1.3,1.4,0.0,0.0,33.0,33.0,33.0,0,1
246,30-01-2014 00:15,30,57,5.5,99,1.7,933.5,0.0,1.1,N,1015.2,1.6,1.7,0.0,0.0,33.0,33.0,33.0,0,1
247,30-01-2014 00:45,30,57,5.5,99,1.7,933.3,0.0,2.5,W,1015.0,1.6,1.7,0.0,0.0,33.0,33.0,33.0,0,1
248,30-01-2014 01:15,30,57,5.5,99,1.6,933.9,0.0,1.1,S,1015.6,1.5,1.6,0.0,0.0,33.0,33.0,33.0,0,1
249,30-01-2014 01:45,30,57,5.5,99,1.1,933.7,0.0,0.0,SE,1015.4,1.0,1.1,0.0,0.0,33.0,33.0,33.0,0,0
250,30-01-2014 02:15,30,57,5.4,99,1.0,933.8,0.0,1.1,SW,1015.5,0.9,1.0,0.0,0.0,33.0,33.0,33.0,0,1
251,30-01-2014 02:45,30,57,5.4,99,0.8,933.9,0.0,1.1,0,1015.6,0.7,0.8,0.0,0.0,33.0,33.0,33.0,0,1
252,30-01-2014 03:15,30,57,5.4,99,1.0,933.9,1.1,3.6,E,1015.6,0.9,1.0,0.0,0.0,33.0,33.0,33.0,1,1
253,30-01-2014 03:45,30,57,5.3,99,1.1,934.5,1.1,2.5,W,1016.2,1.0,1.1,0.0,0.0,33.0,33.0,33.0,1,1
254,30-01-2014 04:15,30,57,5.3,99,0.8,934.6,1.1,2.5,NE,1016.3,0.7,0.8,0.0,0.0,33.0,33.0,33.0,1,1
255,30-01-2014 04:45,30,57,5.2,99,1.1,935.0,1.1,3.6,W,1016.7,1.0,1.1,0.0,0.0,33.0,33.0,33.0,1,1
256,30-01-2014 05:15,30,57,5.2,99,1.2,935.2,1.1,3.6,SW,1016.9,1.1,1.2,0.0,0.0,33.0,33.0,33.0,1,1
257,30-01-2014 05:45,30,57,5.2,99,1.4,934.8,6.1,9.7,SE,1016.5,1.3,1.4,0.0,0.0,33.0,33.0,33.0,2,2
258,30-01-2014 06:15,30,57,5.1,99,1.9,935.0,7.2,9.7,S,1016.7,1.8,0.4,0.0,0.0,33.0,33.0,33.0,2,2
259,30-01-2014 06:45,30,57,5.1,99,2.1,935.2,1.1,3.6,S,1016.9,2.0,2.1,0.0,0.0,33.0,33.0,33.0,1,1
260,30-01-2014 07:15,30,57,5.1,99,1.4,935.4,0.0,0.0,W,1017.1,1.3,1.4,0.0,0.0,33.0,33.0,33.0,0,0
261,30-01-2014 07:45,30,57,5.0,99,1.1,935.7,0.0,1.1,SW,1017.4,1.0,1.1,0.0,0.0,33.0,33.0,33.0,0,1
262,30-01-2014 08:15,30,57,5.0,99,0.7,936.0,0.0,1.1,SW,1017.7,0.6,0.7,0.0,0.0,33.0,33.0,33.0,0,1
263,30-01-2014 08:45,30,57,5.0,99,0.6,936.1,0.0,0.0,SE,1017.8,0.5,0.6,0.0,0.0,33.0,33.0,33.0,0,0
264,30-01-2014 09:15,30,57,4.9,99,0.6,936.2,0.0,0.0,NE,1017.9,0.5,0.6,0.0,0.0,33.0,33.0,33.0,0,0
265,30-01-2014 09:45,30,57,4.9,99,1.1,936.7,0.0,0.0,SE,1018.4,1.0,1.1,0.0,0.0,33.0,33.0,33.0,0,0
266,30-01-2014 10:15,30,57,4.9,99,1.5,936.9,1.1,7.2,W,1018.6,1.4,1.5,0.0,0.0,33.0,33.0,33.0,1,2
267,30-01-2014 10:45,30,57,4.8,99,2.2,937.0,1.1,2.5,W,1018.7,2.1,2.2,0.0,0.0,33.0,33.0,33.0,1,1
268,30-01-2014 11:15,30,57,4.8,99,2.3,937.3,0.0,2.5,SE,1019.0,2.2,2.3,0.0,0.0,33.0,33.0,33.0,0,1
269,30-01-2014 11:45,30,57,4.8,99,2.3,937.5,2.5,8.6,S,1019.2,2.2,2.3,0.0,0.0,33.0,33.0,33.0,1,2
270,30-01-2014 12:15,30,57,4.8,99,2.3,937.8,2.5,7.2,S,1019.5,2.2,2.3,0.0,0.0,33.0,33.0,33.0,1,2
271,30-01-2014 12:45,30,57,4.8,96,4.0,937.5,3.6,9.7,SW,1019.2,3.4,4.0,0.0,0.0,33.0,33.0,33.0,1,2
272,30-01-2014 13:15,30,57,4.8,95,4.9,937.1,6.1,12.2,SW,1018.8,4.2,4.9,0.0,0.0,33.0,33.0,33.0,2,3
273,30-01-2014 13:45,30,57,4.8,92,4.8,936.7,6.1,12.2,SE,1018.4,3.6,4.8,0.0,0.0,33.0,33.0,33.0,2,3
274,30-01-2014 14:15,30,57,4.8,88,5.6,936.7,5.0,9.7,SW,1018.4,3.8,5.6,0.0,0.0,33.0,33.0,33.0,1,2
275,30-01-2014 14:45,30,57,4.8,93,4.9,936.9,5.0,9.7,NW,1018.6,3.9,4.9,0.0,0.0,33.0,33.0,33.0,1,2
276,30-01-2014 15:15,30,57,4.8,93,5.0,936.7,6.1,11.2,N,1018.4,4.0,5.0,0.0,0.0,33.0,33.0,33.0,2,2
277,30-01-2014 15:45,30,57,4.8,92,5.6,936.5,3.6,9.7,NW,1018.2,4.4,5.6,0.0,0.0,33.0,33.0,33.0,1,2
278,30-01-2014 16:15,30,57,4.8,91,5.3,936.6,1.1,3.6,NW,1018.3,4.0,5.3,0.0,0.0,33.0,33.0,33.0,1,1
279,30-01-2014 16:45,30,57,4.8,93,4.8,936.9,7.2,15.8,SW,1018.6,3.8,3.4,0.0,0.0,33.0,33.0,33.0,2,3
280,30-01-2014 17:15,30,57,4.9,95,3.9,937.2,2.5,9.7,W,1018.9,3.2,3.9,0.0,0.0,33.0,33.0,33.0,1,2
281,30-01-2014 17:45,30,57,4.8,97,3.6,937.4,1.1,3.6,SW,1019.1,3.2,3.6,0.0,0.0,33.0,33.0,33.0,1,1
282,30-01-2014 18:15,30,57,4.8,98,3.3,937.4,1.1,3.6,W,1019.1,3.0,3.3,0.0,0.0,33.0,33.0,33.0,1,1
283,30-01-2014 18:45,30,57,4.8,99,2.9,937.3,1.1,2.5,W,1019.0,2.8,2.9,0.0,0.0,33.0,33.0,33.0,1,1
284,30-01-2014 19:15,30,57,4.8,99,2.7,937.2,0.0,1.1,NW,1018.9,2.6,2.7,0.0,0.0,33.0,33.0,33.0,0,1
285,30-01-2014 19:45,30,57,4.8,99,2.7,937.0,1.1,2.5,NW,1018.7,2.6,2.7,0.0,0.0,33.0,33.0,33.0,1,1
286,30-01-2014 20:15,30,57,4.9,99,2.6,937.1,1.1,3.6,E,1018.8,2.5,2.6,0.0,0.0,33.0,33.0,33.0,1,1
287,30-01-2014 20:45,30,57,4.9,99,2.7,936.5,1.1,3.6,E,1018.2,2.6,2.7,0.0,0.0,33.0,33.0,33.0,1,1
288,30-01-2014 21:15,30,57,4.9,99,2.7,936.6,0.0,3.6,W,1018.3,2.6,2.7,0.0,0.0,33.0,33.0,33.0,0,1
289,30-01-2014 21:45,30,58,4.9,99,2.6,936.5,0.0,1.1,N,1018.2,2.5,2.6,0.0,0.0,33.0,33.0,33.0,0,1
290,30-01-2014 22:15,30,60,5.5,99,2.4,936.8,3.6,7.2,SW,1018.5,2.3,2.4,0.0,0.0,33.0,33.0,33.0,1,2
291,30-01-2014 22:45,30,59,6.3,99,2.4,935.8,0.0,1.1,W,1017.5,2.3,2.4,0.0,0.0,33.0,33.0,33.0,0,1
292,30-01-2014 23:15,30,59,6.9,99,2.0,936.6,1.1,3.6,NW,1018.3,1.9,2.0,0.0,0.0,33.0,33.0,33.0,1,1
293,30-01-2014 23:45,30,59,7.5,99,2.0,935.6,0.0,2.5,NE,1017.3,1.9,2.0,0.0,0.0,33.0,33.0,33.0,0,1
294,31-01-2014 00:15,30,58,8.1,99,2.4,935.9,0.0,1.1,N,1017.6,2.3,2.4,0.0,0.0,33.0,33.0,33.0,0,1
295,31-01-2014 00:45,30,58,8.5,99,2.5,936.2,0.0,1.1,SE,1017.9,2.4,2.5,0.0,0.0,33.0,33.0,33.0,0,1
296,31-01-2014 01:15,30,58,9.0,99,2.7,935.8,1.1,3.6,NE,1017.5,2.6,2.7,0.0,0.0,33.0,33.0,33.0,1,1
297,31-01-2014 01:45,30,58,9.4,99,2.9,936.3,1.1,3.6,W,1018.0,2.8,2.9,0.0,0.0,33.0,33.0,33.0,1,1
298,31-01-2014 02:15,30,58,9.8,99,2.9,937.0,0.0,1.1,N,1018.7,2.8,2.9,0.0,0.0,33.0,33.0,33.0,0,1
299,31-01-2014 02:45,30,57,10.1,99,3.0,936.6,1.1,3.6,S,1018.3,2.9,3.0,0.0,0.0,33.0,33.0,33.0,1,1
300,31-01-2014 03:15,30,57,10.5,99,3.0,936.6,1.1,5.0,SW,1018.3,2.9,3.0,0.0,0.0,33.0,33.0,33.0,1,1
301,31-01-2014 03:45,30,56,10.8,99,3.1,936.6,0.0,1.1,SE,1018.3,3.0,3.1,0.0,0.0,33.0,33.0,33.0,0,1
302,31-01-2014 04:15,30,56,11.1,99,4.1,936.5,5.0,11.2,SW,1018.2,4.0,4.1,0.0,0.0,33.0,33.0,33.0,1,2
303,31-01-2014 04:45,30,56,11.3,95,5.0,936.6,19.4,31.7,SW,1018.3,4.3,-2.7,0.0,0.0,33.0,33.0,33.0,3,5
304,31-01-2014 05:15,30,56,11.6,91,5.4,936.7,13.3,23.4,W,1018.4,4.1,0.3,0.0,0.0,33.0,33.0,33.0,3,4
305,31-01-2014 05:45,30,56,11.8,91,5.4,937.0,14.8,28.1,W,1018.7,4.1,-0.3,0.0,0.0,33.0,33.0,33.0,3,4
306,31-01-2014 06:15,30,55,12.1,96,4.1,937.5,5.0,11.2,SW,1019.2,3.5,4.1,0.0,0.0,33.0,33.0,33.0,1,2
307,31-01-2014 06:45,30,55,12.3,99,3.7,937.6,3.6,6.1,W,1019.3,3.6,3.7,0.0,0.0,33.0,33.0,33.0,1,2
308,31-01-2014 07:15,30,55,12.5,99,3.8,937.7,0.0,2.5,N,1019.4,3.7,3.8,0.0,0.0,33.0,33.0,33.0,0,1
309,31-01-2014 07:45,30,55,12.7,99,3.8,938.2,3.6,7.2,SW,1019.9,3.7,3.8,0.0,0.0,33.0,33.0,33.0,1,2
310,31-01-2014 08:15,30,55,12.9,99,3.9,938.6,0.0,2.5,E,1020.3,3.8,3.9,0.0,0.0,33.0,33.0,33.0,0,1
311,31-01-2014 08:45,30,55,13.1,99,3.8,938.8,1.1,5.0,NW,1020.5,3.7,3.8,0.0,0.0,33.0,33.0,33.0,1,1
312,31-01-2014 09:15,30,55,13.3,99,4.1,939.2,2.5,5.0,SW,1020.9,4.0,4.1,0.0,0.0,33.0,33.0,33.0,1,1
313,31-01-2014 09:45,30,55,13.4,99,4.3,939.5,2.5,5.0,SW,1021.2,4.2,4.3,0.0,0.0,33.0,33.0,33.0,1,1
314,31-01-2014 10:15,30,55,13.6,99,4.6,939.7,0.0,1.1,SW,1021.4,4.5,4.6,0.0,0.0,33.0,33.0,33.0,0,1
315,31-01-2014 10:45,30,55,13.8,99,5.3,940.0,0.0,1.1,SW,1021.7,5.2,5.3,0.0,0.0,33.0,33.0,33.0,0,1
316,31-01-2014 11:15,30,55,13.9,99,5.7,939.8,2.5,6.1,S,1021.5,5.6,5.7,0.0,0.0,33.0,33.0,33.0,1,2
317,31-01-2014 11:45,30,55,14.1,95,5.8,940.1,1.1,3.6,SW,1021.8,5.1,5.8,0.0,0.0,33.0,33.0,33.0,1,1
318,31-01-2014 12:15,30,55,14.3,96,6.1,940.0,0.0,5.0,E,1021.7,5.5,6.1,0.0,0.0,33.0,33.0,33.0,0,1
319,31-01-2014 12:45,30,55,14.6,92,7.0,940.0,1.1,3.6,SE,1021.7,5.8,7.0,0.0,0.0,33.0,33.0,33.0,1,1
320,31-01-2014 13:15,30,54,15.0,89,7.3,939.7,3.6,7.2,E,1021.4,5.6,7.3,0.0,0.0,33.0,33.0,33.0,1,2
321,31-01-2014 13:45,30,54,15.4,91,7.6,939.5,0.0,2.5,SE,1021.2,6.2,7.6,0.0,0.0,33.0,33.0,33.0,0,1
322,31-01-2014 14:15,30,53,15.7,89,8.1,939.5,0.0,1.1,NE,1021.2,6.4,8.1,0.0,0.0,33.0,33.0,33.0,0,1
323,31-01-2014 14:45,30,54,15.8,87,7.8,939.2,0.0,1.1,SW,1020.9,5.8,7.8,0.0,0.0,33.0,33.0,33.0,0,1
324,31-01-2014 15:15,30,54,16.0,87,8.3,938.7,0.0,1.1,SE,1020.4,6.3,8.3,0.0,0.0,33.0,33.0,33.0,0,1
325,31-01-2014 15:45,30,55,16.4,85,8.4,938.5,1.1,2.5,W,1020.2,6.0,8.4,0.0,0.0,33.0,33.0,33.0,1,1
326,31-01-2014 16:15,30,54,16.9,82,10.1,938.2,0.0,3.6,NW,1019.9,7.2,10.1,0.0,0.0,33.0,33.0,33.0,0,1
327,31-01-2014 16:45,30,54,17.1,86,8.4,938.5,1.1,2.5,W,1020.2,6.2,8.4,0.0,0.0,33.0,33.0,33.0,1,1
328,31-01-2014 17:15,30,53,17.3,88,9.5,938.2,0.0,1.1,N,1019.9,7.6,9.5,0.0,0.0,33.0,33.0,33.0,0,1
329,31-01-2014 17:45,30,53,17.4,89,8.1,938.1,0.0,2.5,N,1019.8,6.4,8.1,0.0,0.0,33.0,33.0,33.0,0,1
330,31-01-2014 18:15,30,53,17.4,91,7.9,937.7,2.5,5.0,NE,1019.4,6.5,7.9,0.0,0.0,33.0,33.0,33.0,1,1
331,31-01-2014 18:45,30,52,17.4,94,7.0,938.0,0.0,1.1,N,1019.7,6.1,7.0,0.0,0.0,33.0,33.0,33.0,0,1
332,31-01-2014 19:15,30,53,17.4,98,6.7,938.1,1.1,3.6,N,1019.8,6.4,6.7,0.0,0.0,33.0,33.0,33.0,1,1
333,31-01-2014 19:45,30,53,17.5,99,6.5,937.7,0.0,1.1,NE,1019.4,6.4,6.5,0.0,0.0,33.0,33.0,33.0,0,1
334,31-01-2014 20:15,30,53,17.6,99,6.6,937.6,1.1,3.6,NE,1019.3,6.5,6.6,0.0,0.0,33.0,33.0,33.0,1,1
335,31-01-2014 20:45,30,53,17.7,99,6.4,937.3,0.0,2.5,W,1019.0,6.3,6.4,0.0,0.0,33.0,33.0,33.0,0,1
336,31-01-2014 21:15,30,53,17.9,98,8.6,937.0,3.6,7.2,SE,1018.7,8.3,8.6,0.0,0.0,33.0,33.0,33.0,1,2
337,31-01-2014 21:45,30,53,18.0,87,10.1,937.0,5.0,13.3,W,1018.7,8.0,10.1,0.0,0.0,33.0,33.0,33.0,1,3
338,31-01-2014 22:15,30,54,18.2,85,10.3,936.7,5.0,8.6,S,1018.4,7.9,10.3,0.0,0.0,33.0,33.0,33.0,1,2
339,31-01-2014 22:45,30,53,18.3,86,10.1,936.8,2.5,6.1,S,1018.5,7.9,10.1,0.0,0.0,0.0,33.0,33.0,1,2
340,31-01-2014 23:15,30,53,18.0,85,10.3,936.3,11.2,22.0,S,1018.0,7.9,7.0,0.0,0.0,0.0,33.0,33.0,2,4
341,31-01-2014 23:45,30,54,17.8,84,10.1,935.5,7.2,20.9,SE,1017.2,7.5,9.0,0.0,0.0,0.0,33.0,33.0,2,4
342,01-02-2014 00:15,30,54,17.7,84,10.1,936.0,5.0,9.7,SE,1017.7,7.5,10.1,0.0,0.0,0.0,33.0,33.0,1,2
343,01-02-2014 00:45,30,54,17.7,85,10.0,935.7,5.0,7.2,SW,1017.4,7.6,10.0,0.0,0.0,0.0,33.0,33.0,1,2
344,01-02-2014 01:15,30,55,17.6,85,10.1,935.5,0.0,2.5,E,1017.2,7.7,10.1,0.0,0.0,0.0,33.0,33.0,0,1
345,01-02-2014 01:45,30,55,17.6,88,10.1,935.1,6.1,13.3,SW,1016.8,8.2,10.1,0.0,0.0,0.0,33.0,33.0,2,3
346,01-02-2014 02:15,30,55,17.6,88,10.3,934.9,8.6,19.4,SW,1016.6,8.4,8.3,0.0,0.0,0.0,33.0,33.0,2,3
347,01-02-2014 02:45,30,55,17.6,86,10.5,935.1,7.2,13.3,SW,1016.8,8.3,9.4,0.0,0.0,0.0,33.0,33.0,2,3
348,01-02-2014 03:15,30,54,17.6,85,10.4,935.0,6.1,13.3,SW,1016.7,8.0,10.4,0.0,0.0,0.0,33.0,33.0,2,3
349,01-02-2014 03:45,30,54,17.6,86,10.3,934.5,11.2,15.8,S,1016.2,8.1,7.0,0.0,0.0,0.0,33.0,33.0,2,3
350,01-02-2014 04:15,30,55,17.6,87,10.1,934.3,1.1,7.2,S,1016.0,8.0,10.1,0.0,0.0,0.0,33.0,33.0,1,2
351,01-02-2014 04:45,30,55,17.6,90,9.8,934.4,5.0,8.6,NW,1016.1,8.3,9.8,0.0,0.0,0.0,33.0,33.0,1,2
352,01-02-2014 05:15,30,55,17.8,99,8.5,934.7,9.7,19.4,W,1016.4,8.4,5.7,0.0,0.0,0.0,33.0,33.0,2,3
353,01-02-2014 05:45,30,55,18.0,99,6.6,934.5,1.1,2.5,W,1016.2,6.5,6.6,0.0,0.0,0.0,33.0,33.0,1,1
354,01-02-2014 06:15,30,55,18.2,99,6.3,934.4,0.0,0.0,N,1016.1,6.2,6.3,0.0,0.0,0.0,33.0,33.0,0,0
355,01-02-2014 06:45,30,55,18.4,99,6.2,934.4,2.5,5.0,E,1016.1,6.1,6.2,0.0,0.0,0.0,33.0,33.0,1,1
356,01-02-2014 07:15,30,55,18.6,99,6.1,934.6,3.6,6.1,W,1016.3,6.0,6.1,0.0,0.0,0.0,33.0,33.0,1,2
357,01-02-2014 07:45,30,55,18.8,99,6.0,934.1,0.0,1.1,N,1015.8,5.9,6.0,0.0,0.0,0.0,33.0,33.0,0,1
358,01-02-2014 08:15,30,55,18.9,99,5.9,935.0,0.0,0.0,W,1016.7,5.8,5.9,0.0,0.0,0.0,33.0,33.0,0,0
359,01-02-2014 08:45,30,55,19.0,99,5.9,935.7,0.0,0.0,S,1017.4,5.8,5.9,0.0,0.0,0.0,33.0,33.0,0,0
360,01-02-2014 09:15,30,55,19.0,99,6.0,936.0,0.0,1.1,S,1017.7,5.9,6.0,0.0,0.0,0.0,33.0,33.0,0,1
361,01-02-2014 09:45,30,55,19.0,99,5.9,936.3,0.0,2.5,E,1018.0,5.8,5.9,0.0,0.0,0.0,33.0,33.0,0,1
362,01-02-2014 10:15,30,55,19.0,99,5.7,936.7,0.0,3.6,E,1018.4,5.6,5.7,0.0,0.0,0.0,33.0,33.0,0,1
363,01-02-2014 10:45,30,54,18.9,98,5.5,937.1,1.1,3.6,W,1018.8,5.2,5.5,0.0,0.0,0.0,33.0,33.0,1,1
364,01-02-2014 11:15,30,54,18.6,97,5.0,937.9,1.1,3.6,W,1019.6,4.6,5.0,0.0,0.0,0.0,33.0,33.0,1,1
365,01-02-2014 11:45,30,55,18.2,98,5.1,937.9,1.1,3.6,W,1019.6,4.8,5.1,0.0,0.0,0.0,33.0,33.0,1,1
366,01-02-2014 12:15,30,55,18.0,89,6.4,938.1,2.5,7.2,W,1019.8,4.7,6.4,0.0,0.0,0.0,33.0,33.0,1,2
367,01-02-2014 12:45,30,55,17.8,87,7.3,938.0,2.5,6.1,W,1019.7,5.3,7.3,0.0,0.0,0.0,33.0,33.0,1,2
368,01-02-2014 13:15,30,55,17.4,85,6.1,938.3,2.5,6.1,NW,1020.0,3.8,6.1,0.0,0.0,0.0,33.0,33.0,1,2
369,01-02-2014 13:45,30,55,17.1,87,6.0,937.9,1.1,5.0,W,1019.6,4.0,6.0,0.0,0.0,0.0,33.0,33.0,1,1
370,01-02-2014 14:15,30,55,16.7,90,4.5,938.8,12.2,15.8,SW,1020.5,3.0,-0.2,0.0,0.0,0.0,33.0,33.0,3,3
371,01-02-2014 14:45,30,55,16.4,95,1.5,939.6,12.2,24.5,W,1021.3,0.8,-3.7,0.0,0.0,0.0,33.0,33.0,3,4
372,01-02-2014 15:15,30,54,16.0,98,0.8,939.7,8.6,19.4,W,1021.4,0.5,-2.0,0.0,0.0,0.0,33.0,33.0,2,3
373,01-02-2014 15:45,30,54,15.8,99,3.5,939.2,3.6,6.1,SE,1020.9,3.4,3.5,0.0,0.0,0.0,33.0,33.0,1,2
374,01-02-2014 16:15,30,54,15.5,89,6.4,939.4,0.0,1.1,E,1021.1,4.7,6.4,0.0,0.0,0.0,33.0,33.0,0,1
375,01-02-2014 16:45,30,54,15.3,66,7.4,939.6,6.1,9.7,NE,1021.3,1.5,7.4,0.0,0.0,0.0,33.0,33.0,2,2
376,01-02-2014 17:15,30,54,15.1,57,6.5,939.8,12.2,19.4,W,1021.5,-1.4,2.1,0.0,0.0,0.0,33.0,33.0,3,3
377,01-02-2014 17:45,30,54,15.0,60,6.6,940.3,7.2,15.8,W,1022.0,-0.6,5.3,0.0,0.0,0.0,33.0,33.0,2,3
378,01-02-2014 18:15,30,54,14.8,68,5.1,940.6,3.6,8.6,NW,1022.3,-0.3,5.1,0.0,0.0,0.0,33.0,33.0,1,2
379,01-02-2014 18:45,30,54,14.6,75,3.2,941.2,1.1,3.6,W,1022.9,-0.8,3.2,0.0,0.0,0.0,33.0,33.0,1,1
380,01-02-2014 19:15,30,54,14.4,79,2.5,941.7,3.6,6.1,W,1023.4,-0.8,2.5,0.0,0.0,0.0,33.0,33.0,1,2
381,01-02-2014 19:45,30,54,14.2,82,1.8,942.1,1.1,2.5,SE,1023.8,-0.9,1.8,0.0,0.0,0.0,33.0,33.0,1,1
382,01-02-2014 20:15,30,54,14.0,84,1.2,942.7,0.0,0.0,N,1024.4,-1.2,1.2,0.0,0.0,0.0,33.0,33.0,0,0
383,01-02-2014 20:45,30,54,13.8,80,1.9,942.9,3.6,7.2,NW,1024.6,-1.2,1.9,0.0,0.0,0.0,33.0,33.0,1,2
384,01-02-2014 21:15,30,54,13.6,77,1.8,942.8,0.0,3.6,S,1024.5,-1.8,1.8,0.0,0.0,0.0,33.0,33.0,0,1
385,01-02-2014 21:45,30,54,13.4,81,1.0,943.3,0.0,0.0,NW,1025.0,-1.9,1.0,0.0,0.0,0.0,33.0,33.0,0,0
386,01-02-2014 22:15,30,54,13.3,83,0.7,943.5,2.5,5.0,W,1025.2,-1.9,0.7,0.0,0.0,0.0,33.0,33.0,1,1
387,01-02-2014 22:45,30,54,13.1,87,0.3,943.9,2.5,6.1,NE,1025.6,-1.6,0.3,0.0,0.0,0.0,33.0,33.0,1,2
388,01-02-2014 23:15,30,53,12.9,88,0.1,943.9,1.1,3.6,S,1025.6,-1.7,0.1,0.0,0.0,0.0,33.0,33.0,1,1
389,01-02-2014 23:45,30,53,12.7,89,0.1,944.0,1.1,3.6,S,1025.7,-1.5,0.1,0.0,0.0,0.0,33.0,33.0,1,1
390,02-02-2014 00:15,30,53,12.6,90,-0.6,944.3,0.0,2.5,SE,1026.0,-2.0,-0.6,0.0,0.0,0.0,33.0,33.0,0,1
391,02-02-2014 00:45,30,54,12.4,92,-0.6,944.3,1.1,3.6,SW,1026.0,-1.7,-0.6,0.0,0.0,0.0,33.0,33.0,1,1
392,02-02-2014 01:15,30,53,12.2,93,-1.2,944.2,0.0,2.5,NW,1025.9,-2.2,-1.2,0.0,0.0,0.0,33.0,33.0,0,1
393,02-02-2014 01:45,30,53,12.0,94,-0.8,944.4,0.0,1.1,SW,1026.1,-1.6,-0.8,0.0,0.0,0.0,33.0,33.0,0,1
394,02-02-2014 02:15,30,53,11.9,94,-1.2,944.6,0.0,1.1,SE,1026.3,-2.0,-1.2,0.0,0.0,0.0,33.0,33.0,0,1
395,02-02-2014 02:45,30,53,11.7,94,-1.2,945.0,1.1,3.6,S,1026.7,-2.0,-1.2,0.0,0.0,0.0,33.0,33.0,1,1
396,02-02-2014 03:15,30,53,11.5,94,-0.9,945.0,0.0,1.1,E,1026.7,-1.7,-0.9,0.0,0.0,0.0,33.0,33.0,0,1
397,02-02-2014 03:45,30,53,11.4,84,-0.1,945.3,0.0,3.6,S,1027.0,-2.5,-0.1,0.0,0.0,0.0,33.0,33.0,0,1
398,02-02-2014 04:15,30,53,11.2,80,0.3,945.1,3.6,9.7,W,1026.8,-2.7,0.3,0.0,0.0,0.0,33.0,33.0,1,2
399,02-02-2014 04:45,30,53,11.0,78,0.4,945.3,3.6,8.6,S,1027.0,-3.0,0.4,0.0,0.0,0.0,33.0,33.0,1,2
400,02-02-2014 05:15,30,53,10.9,80,-0.1,945.5,0.0,2.5,S,1027.2,-3.1,-0.1,0.0,0.0,0.0,33.0,33.0,0,1
401,02-02-2014 05:45,30,53,10.7,84,-1.4,945.7,0.0,0.0,W,1027.4,-3.8,-1.4,0.0,0.0,0.0,33.0,33.0,0,0
402,02-02-2014 06:15,30,53,10.6,86,-0.8,946.0,0.0,3.6,W,1027.7,-2.8,-0.8,0.0,0.0,0.0,33.0,33.0,0,1
403,02-02-2014 06:45,30,53,10.4,86,-0.6,946.0,1.1,3.6,SW,1027.7,-2.7,-0.6,0.0,0.0,0.0,33.0,33.0,1,1
404,02-02-2014 07:15,30,52,10.2,84,0.2,946.0,1.1,2.5,SE,1027.7,-2.2,0.2,0.0,0.0,0.0,33.0,33.0,1,1
405,02-02-2014 07:45,30,52,10.1,86,-0.3,946.4,0.0,2.5,S,1028.1,-2.4,-0.3,0.0,0.0,0.0,33.0,33.0,0,1
406,02-02-2014 08:15,30,53,9.9,89,-0.7,946.5,0.0,0.0,NW,1028.2,-2.3,-0.7,0.0,0.0,0.0,33.0,33.0,0,0
407,02-02-2014 08:45,30,53,9.8,90,-0.9,946.8,0.0,0.0,NW,1028.5,-2.3,-0.9,0.0,0.0,0.0,33.0,33.0,0,0
408,02-02-2014 09:15,30,52,9.6,93,-0.7,947.2,0.0,2.5,SW,1028.9,-1.7,-0.7,0.0,0.0,0.0,33.0,33.0,0,1
409,02-02-2014 09:45,30,52,9.5,78,3.4,947.3,3.6,6.1,SW,1029.0,-0.1,3.4,0.0,0.0,0.0,33.0,33.0,1,2
410,02-02-2014 10:15,30,52,9.4,74,4.0,947.5,1.1,6.1,SW,1029.2,-0.2,4.0,0.0,0.0,0.0,33.0,33.0,1,2
411,02-02-2014 10:45,30,52,9.2,70,6.4,947.7,5.0,8.6,SE,1029.4,1.3,6.4,0.0,0.0,0.0,33.0,33.0,1,2
412,02-02-2014 11:15,30,52,9.1,63,8.0,947.7,2.5,5.0,W,1029.4,1.4,8.0,0.0,0.0,0.0,33.0,33.0,1,1
413,02-02-2014 11:45,30,52,9.0,69,6.8,947.7,1.1,8.6,W,1029.4,1.5,6.8,0.0,0.0,0.0,33.0,33.0,1,2
414,02-02-2014 12:15,30,52,8.9,64,8.7,947.4,2.5,6.1,SW,1029.1,2.3,8.7,0.0,0.0,0.0,33.0,33.0,1,2
415,02-02-2014 12:45,30,52,8.9,60,9.7,947.4,3.6,11.2,E,1029.1,2.3,9.7,0.0,0.0,0.0,33.0,33.0,1,2
416,02-02-2014 13:15,30,52,8.8,57,10.5,947.1,3.6,5.0,SW,1028.8,2.4,10.5,0.0,0.0,0.0,33.0,33.0,1,1
417,02-02-2014 13:45,30,53,8.8,60,9.6,947.0,3.6,7.2,NW,1028.7,2.2,9.6,0.0,0.0,0.0,33.0,33.0,1,2
418,02-02-2014 14:15,30,53,8.7,59,9.2,946.7,5.0,13.3,SE,1028.4,1.6,9.2,0.0,0.0,0.0,33.0,33.0,1,3
419,02-02-2014 14:45,30,53,8.6,59,10.3,946.5,2.5,9.7,NE,1028.2,2.7,10.3,0.0,0.0,0.0,33.0,33.0,1,2
420,02-02-2014 15:15,30,53,8.6,56,10.7,946.3,6.1,12.2,S,1028.0,2.3,10.7,0.0,0.0,0.0,33.0,33.0,2,3
421,02-02-2014 15:45,30,53,8.6,60,9.0,945.9,7.2,13.3,S,1027.6,1.7,7.8,0.0,0.0,0.0,33.0,33.0,2,3
422,02-02-2014 16:15,30,53,8.6,55,10.7,945.6,8.6,15.8,S,1027.3,2.0,8.8,0.0,0.0,0.0,33.0,33.0,2,3
423,02-02-2014 16:45,30,53,8.6,55,10.7,945.2,9.7,15.8,SW,1026.9,2.0,8.2,0.0,0.0,0.0,33.0,33.0,2,3
424,02-02-2014 17:15,30,53,8.6,55,10.8,945.0,2.5,6.1,NW,1026.7,2.1,10.8,0.0,0.0,0.0,33.0,33.0,1,2
425,02-02-2014 17:45,30,53,8.7,57,9.8,945.0,6.1,14.8,SE,1026.7,1.7,9.8,0.0,0.0,0.0,33.0,33.0,2,3
426,02-02-2014 18:15,30,53,8.7,58,8.5,944.8,3.6,7.2,S,1026.5,0.7,8.5,0.0,0.0,0.0,33.0,33.0,1,2
427,02-02-2014 18:45,30,53,8.7,70,6.3,944.5,5.0,9.7,W,1026.2,1.2,6.3,0.0,0.0,0.0,33.0,33.0,1,2
428,02-02-2014 19:15,30,53,8.7,72,5.4,944.7,0.0,2.5,E,1026.4,0.8,5.4,0.0,0.0,0.0,33.0,33.0,0,1
429,02-02-2014 19:45,30,53,8.7,74,5.1,944.7,2.5,5.0,E,1026.4,0.9,5.1,0.0,0.0,0.0,33.0,33.0,1,1
430,02-02-2014 20:15,30,53,8.6,74,4.9,944.4,1.1,3.6,N,1026.1,0.7,4.9,0.0,0.0,0.0,33.0,33.0,1,1
431,02-02-2014 20:45,30,53,8.6,76,3.5,944.0,1.1,3.6,S,1025.7,-0.3,3.5,0.0,0.0,0.0,33.0,33.0,1,1
432,02-02-2014 21:15,30,53,8.6,71,5.0,943.7,5.0,12.2,S,1025.4,0.2,5.0,0.0,0.0,0.0,33.0,33.0,1,3
433,02-02-2014 21:45,30,53,8.6,73,4.8,943.4,2.5,6.1,SW,1025.1,0.4,4.8,0.0,0.0,0.0,33.0,33.0,1,2
434,02-02-2014 22:15,30,53,8.5,76,4.7,943.1,1.1,3.6,SE,1024.8,0.8,4.7,0.0,0.0,0.0,33.0,33.0,1,1
435,02-02-2014 22:45,30,53,8.5,75,5.0,942.5,6.1,13.3,E,1024.2,0.9,5.0,0.0,0.0,0.0,33.0,33.0,2,3
436,02-02-2014 23:15,30,53,8.5,73,5.5,942.1,12.2,18.4,SE,1023.8,1.1,1.0,0.0,0.0,0.0,33.0,33.0,3,3
437,02-02-2014 23:45,30,53,8.5,73,5.3,941.7,5.0,8.6,S,1023.4,0.9,5.3,0.0,0.0,0.0,33.0,33.0,1,2
438,03-02-2014 00:15,30,53,8.4,72,4.9,940.8,2.5,6.1,S,1022.5,0.3,4.9,0.0,0.0,0.0,33.0,33.0,1,2
439,03-02-2014 00:45,30,53,8.4,75,4.5,940.5,5.0,14.8,SE,1022.2,0.5,4.5,0.0,0.0,0.0,33.0,33.0,1,3
440,03-02-2014 01:15,30,53,8.4,73,4.9,939.9,7.2,14.8,S,1021.6,0.5,3.5,0.0,0.0,0.0,33.0,33.0,2,3
441,03-02-2014 01:45,30,53,8.3,71,5.1,939.1,8.6,14.8,SE,1020.8,0.3,2.7,0.0,0.0,0.0,33.0,33.0,2,3
442,03-02-2014 02:15,30,53,8.3,70,5.0,938.1,12.2,19.4,S,1019.8,0.0,0.4,0.0,0.0,0.0,33.0,33.0,3,3
443,03-02-2014 02:45,30,53,8.2,69,5.2,937.5,8.6,15.8,SW,1019.2,0.0,2.8,0.0,0.0,0.0,33.0,33.0,2,3
444,03-02-2014 03:15,30,53,8.1,68,5.2,937.1,6.1,15.8,E,1018.8,-0.2,5.2,0.0,0.0,0.0,33.0,33.0,2,3
445,03-02-2014 03:45,30,53,8.1,68,5.0,937.0,12.2,23.4,SW,1018.7,-0.4,0.4,0.0,0.0,0.0,33.0,33.0,3,4
446,03-02-2014 04:15,30,53,8.0,69,4.6,936.6,8.6,17.3,SW,1018.3,-0.6,2.1,0.0,0.0,0.0,33.0,33.0,2,3
447,03-02-2014 04:45,30,53,8.0,70,4.4,936.3,5.0,11.2,SW,1018.0,-0.6,4.4,0.0,0.0,0.0,33.0,33.0,1,2
448,03-02-2014 05:15,30,53,7.9,70,4.2,936.0,8.6,15.8,SE,1017.7,-0.8,1.7,0.0,0.0,0.0,33.0,33.0,2,3
449,03-02-2014 05:45,30,53,7.9,72,4.0,935.3,7.2,13.3,SW,1017.0,-0.6,2.6,0.0,0.0,0.0,33.0,33.0,2,3
450,03-02-2014 06:15,30,53,7.8,70,4.0,935.2,6.1,13.3,SW,1016.9,-1.0,4.0,0.0,0.0,0.0,33.0,33.0,2,3
451,03-02-2014 06:45,30,53,7.8,71,4.0,935.0,5.0,9.7,S,1016.7,-0.8,4.0,0.0,0.0,0.0,33.0,33.0,1,2
452,03-02-2014 07:15,30,53,7.7,70,4.3,934.4,5.0,12.2,SE,1016.1,-0.7,4.3,0.0,0.0,0.0,33.0,33.0,1,3
453,03-02-2014 07:45,30,53,7.6,72,4.2,934.0,6.1,12.2,SW,1015.7,-0.4,4.2,0.0,0.0,0.0,33.0,33.0,2,3
454,03-02-2014 08:15,30,53,7.6,71,4.5,934.1,11.2,22.0,SW,1015.8,-0.3,0.4,0.0,0.0,0.0,33.0,33.0,2,4
455,03-02-2014 08:45,30,53,7.5,76,3.9,933.4,6.1,14.8,SW,1015.1,0.1,3.9,0.0,0.0,0.0,33.0,33.0,2,3
456,03-02-2014 09:15,30,53,7.5,79,4.4,933.6,9.7,17.3,SW,1015.3,1.1,1.2,0.0,0.0,0.0,33.0,33.0,2,3
457,03-02-2014 09:45,30,52,7.4,78,4.4,933.4,5.0,8.6,NWW,1015.1,0.9,4.4,0.0,0.0,0.0,33.0,33.0,1,2
458,03-02-2014 10:15,30,52,7.4,77,4.5,933.3,2.5,8.6,S,1015.0,0.8,4.5,0.0,0.0,0.0,33.0,33.0,1,2
459,03-02-2014 10:45,30,53,7.3,74,5.2,933.3,3.6,6.1,SW,1015.0,1.0,5.2,0.0,0.0,0.0,33.0,33.0,1,2
460,03-02-2014 11:15,30,53,7.3,70,6.6,933.5,9.7,15.8,SW,1015.2,1.5,3.6,0.0,0.0,0.0,33.0,33.0,2,3
461,03-02-2014 11:45,30,53,7.2,76,5.4,934.1,3.6,7.2,S,1015.8,1.5,5.4,0.0,0.0,0.0,33.0,33.0,1,2
462,03-02-2014 12:15,30,53,7.2,77,5.3,934.5,6.1,12.2,W,1016.2,1.6,5.3,0.0,0.0,0.0,33.0,33.0,2,3
463,03-02-2014 12:45,30,53,7.2,77,5.4,934.3,6.1,12.2,S,1016.0,1.7,5.4,0.0,0.0,0.0,33.0,33.0,2,3
464,03-02-2014 13:15,30,53,7.2,78,5.4,933.9,2.5,5.0,S,1015.6,1.9,5.4,0.0,0.0,0.0,33.0,33.0,1,1
465,03-02-2014 13:45,30,53,7.2,76,6.0,933.9,7.2,13.3,N,1015.6,2.1,4.7,0.0,0.0,0.0,33.0,33.0,2,3
466,03-02-2014 14:15,30,53,7.1,75,6.3,933.9,8.6,13.3,W,1015.6,2.2,4.0,0.0,0.0,0.0,33.0,33.0,2,3
467,03-02-2014 14:45,30,53,7.1,74,6.1,934.0,6.1,12.2,SE,1015.7,1.8,6.1,0.0,0.0,0.0,33.0,33.0,2,3
468,03-02-2014 15:15,30,53,7.1,72,6.7,933.7,2.5,3.6,W,1015.4,2.0,6.7,0.0,0.0,0.0,33.0,33.0,1,1
469,03-02-2014 15:45,30,53,7.1,72,6.8,933.9,5.0,8.6,S,1015.6,2.1,6.8,0.0,0.0,0.0,33.0,33.0,1,2
470,03-02-2014 16:15,30,53,7.1,69,7.5,934.3,5.0,9.7,SW,1016.0,2.2,7.5,0.0,0.0,0.0,33.0,33.0,1,2
471,03-02-2014 16:45,30,53,7.1,70,7.0,934.4,1.1,3.6,E,1016.1,1.9,7.0,0.0,0.0,0.0,33.0,33.0,1,1
472,03-02-2014 17:15,30,53,7.1,70,7.0,934.7,2.5,7.2,SW,1016.4,1.9,7.0,0.0,0.0,0.0,33.0,33.0,1,2
473,03-02-2014 17:45,30,53,7.1,69,7.8,934.9,2.5,6.1,SW,1016.6,2.5,7.8,0.0,0.0,0.0,33.0,33.0,1,2
474,03-02-2014 18:15,30,53,7.1,64,8.0,935.3,6.1,11.2,S,1017.0,1.6,8.0,0.0,0.0,0.0,33.0,33.0,2,2
475,03-02-2014 18:45,30,53,7.1,71,6.1,936.1,1.1,5.0,SW,1017.8,1.2,6.1,0.0,0.0,0.0,33.0,33.0,1,1
476,03-02-2014 19:15,30,53,7.1,74,5.3,936.5,0.0,3.6,SE,1018.2,1.0,5.3,0.0,0.0,0.0,33.0,33.0,0,1
477,03-02-2014 19:45,30,53,7.1,76,4.4,936.8,2.5,7.2,SW,1018.5,0.5,4.4,0.0,0.0,0.0,33.0,33.0,1,2
478,03-02-2014 20:15,30,53,7.1,69,4.8,937.0,5.0,12.2,S,1018.7,-0.4,4.8,0.0,0.0,0.0,33.0,33.0,1,3
479,03-02-2014 20:45,30,53,7.0,67,4.3,937.4,1.1,5.0,SW,1019.1,-1.3,4.3,0.0,0.0,0.0,33.0,33.0,1,1
480,03-02-2014 21:15,30,53,7.0,65,4.5,937.5,5.0,13.3,SE,1019.2,-1.5,4.5,0.0,0.0,0.0,33.0,33.0,1,3
481,03-02-2014 21:45,30,53,7.0,65,4.6,937.8,3.6,7.2,S,1019.5,-1.4,4.6,0.0,0.0,0.0,33.0,33.0,1,2
482,03-02-2014 22:15,30,53,7.0,66,4.4,938.2,0.0,1.1,NE,1019.9,-1.4,4.4,0.0,0.0,0.0,33.0,33.0,0,1
483,03-02-2014 22:45,30,53,7.0,67,3.9,938.2,1.1,3.6,N,1019.9,-1.7,3.9,0.0,0.0,0.0,33.0,33.0,1,1
484,03-02-2014 23:15,30,53,6.9,67,4.3,938.6,1.1,3.6,NW,1020.3,-1.3,4.3,0.0,0.0,0.0,33.0,33.0,1,1
485,03-02-2014 23:45,30,53,6.9,70,3.8,938.7,0.0,5.0,W,1020.4,-1.2,3.8,0.0,0.0,0.0,33.0,33.0,0,1
486,04-02-2014 00:15,30,53,6.9,73,3.4,938.7,2.5,5.0,NE,1020.4,-1.0,3.4,0.0,0.0,0.0,33.0,33.0,1,1
487,04-02-2014 00:45,30,53,6.9,75,3.3,938.7,2.5,5.0,SE,1020.4,-0.7,3.3,0.0,0.0,0.0,33.0,33.0,1,1
488,04-02-2014 01:15,30,53,6.8,76,2.9,939.1,1.1,5.0,S,1020.8,-0.9,2.9,0.0,0.0,0.0,33.0,33.0,1,1
489,04-02-2014 01:45,30,53,6.8,77,3.1,939.5,3.6,9.7,SE,1021.2,-0.5,3.1,0.0,0.0,0.0,33.0,33.0,1,2
490,04-02-2014 02:15,30,53,6.7,76,3.5,939.4,2.5,8.6,S,1021.1,-0.3,3.5,0.0,0.0,0.0,33.0,33.0,1,2
491,04-02-2014 02:45,30,53,6.7,77,3.6,939.4,7.2,12.2,W,1021.1,0.0,2.2,0.0,0.0,0.0,33.0,33.0,2,3
492,04-02-2014 03:15,30,53,6.7,77,3.6,939.6,2.5,6.1,NW,1021.3,0.0,3.6,0.0,0.0,0.0,33.0,33.0,1,2
493,04-02-2014 03:45,30,53,6.6,79,3.5,939.5,2.5,6.1,W,1021.2,0.2,3.5,0.0,0.0,0.0,33.0,33.0,1,2
494,04-02-2014 04:15,30,53,6.6,80,3.7,939.4,3.6,8.6,SW,1021.1,0.6,3.7,0.0,0.0,0.0,33.0,33.0,1,2
495,04-02-2014 04:45,30,53,6.6,80,3.8,939.2,1.1,5.0,W,1020.9,0.7,3.8,0.0,0.0,0.0,33.0,33.0,1,1
496,04-02-2014 05:15,30,53,6.5,81,3.7,938.7,0.0,2.5,SE,1020.4,0.7,3.7,0.0,0.0,0.0,33.0,33.0,0,1
497,04-02-2014 05:45,30,53,6.5,80,3.8,938.9,2.5,5.0,S,1020.6,0.7,3.8,0.0,0.0,0.0,33.0,33.0,1,1
498,04-02-2014 06:15,30,53,6.4,79,3.9,938.9,2.5,8.6,NW,1020.6,0.6,3.9,0.0,0.0,0.0,33.0,33.0,1,2
499,04-02-2014 06:45,30,53,6.5,78,3.7,939.1,0.0,0.0,SE,1020.8,0.2,3.7,0.0,0.0,0.0,33.0,33.0,0,0
500,04-02-2014 07:15,30,53,6.5,80,3.5,939.0,1.1,5.0,NE,1020.7,0.4,3.5,0.0,0.0,0.0,33.0,33.0,1,1
501,04-02-2014 07:45,30,53,6.4,81,3.9,939.0,3.6,6.1,SE,1020.7,0.9,3.9,0.0,0.0,0.0,33.0,33.0,1,2
502,04-02-2014 08:15,30,53,6.4,81,3.9,939.1,0.0,2.5,NW,1020.8,0.9,3.9,0.0,0.0,0.0,33.0,33.0,0,1
503,04-02-2014 08:45,30,53,6.3,83,4.1,938.9,1.1,3.6,SW,1020.6,1.5,4.1,0.0,0.0,0.0,33.0,33.0,1,1
504,04-02-2014 09:15,30,53,6.3,81,4.2,939.2,6.1,8.6,S,1020.9,1.2,4.2,0.0,0.0,0.0,33.0,33.0,2,2
505,04-02-2014 09:45,30,53,6.3,80,4.4,939.1,6.1,8.6,W,1020.8,1.3,4.4,0.0,0.0,0.0,33.0,33.0,2,2
506,04-02-2014 10:15,30,53,6.3,80,4.8,939.2,7.2,17.3,S,1020.9,1.6,3.4,0.0,0.0,0.0,33.0,33.0,2,3
507,04-02-2014 10:45,30,53,6.2,78,5.6,939.0,8.6,15.8,S,1020.7,2.1,3.2,0.0,0.0,0.0,33.0,33.0,2,3
508,04-02-2014 11:15,30,53,6.2,79,5.7,938.4,3.6,6.1,S,1020.1,2.4,5.7,0.0,0.0,0.0,33.0,33.0,1,2
509,04-02-2014 11:45,30,53,6.2,74,6.6,938.1,8.6,15.8,S,1019.8,2.3,4.3,0.0,0.0,0.0,33.0,33.0,2,3
510,04-02-2014 12:15,30,53,6.2,79,5.8,937.6,11.2,18.4,S,1019.3,2.4,1.9,0.0,0.0,0.0,33.0,33.0,2,3
511,04-02-2014 12:45,30,53,6.2,77,6.3,937.0,12.2,19.4,S,1018.7,2.6,1.9,0.0,0.0,0.0,33.0,33.0,3,3
512,04-02-2014 13:15,30,53,6.2,75,7.0,936.3,5.0,13.3,S,1018.0,2.9,7.0,0.0,0.0,0.0,33.0,33.0,1,3
513,04-02-2014 13:45,30,53,6.2,70,8.1,935.5,11.2,20.9,S,1017.2,3.0,4.5,0.0,0.0,0.0,33.0,33.0,2,4
514,04-02-2014 14:15,30,53,6.2,70,7.7,934.6,18.4,30.6,SW,1016.3,2.6,1.1,0.0,0.0,0.0,33.0,33.0,3,5
515,04-02-2014 14:45,30,53,6.2,72,7.6,934.0,14.8,31.7,NW,1015.7,2.9,2.3,0.0,0.0,0.0,33.0,33.0,3,5
516,04-02-2014 15:15,30,53,6.2,72,7.9,933.2,8.6,15.8,SW,1014.9,3.2,5.7,0.0,0.0,0.0,33.0,33.0,2,3
517,04-02-2014 15:45,30,53,6.2,71,8.2,932.6,19.4,36.7,S,1014.3,3.3,1.4,0.0,0.0,0.0,33.0,33.0,3,5
518,04-02-2014 16:15,30,53,6.3,74,8.0,932.1,12.2,19.4,SW,1013.8,3.7,3.9,0.0,0.0,0.0,33.0,33.0,3,3
519,04-02-2014 16:45,30,53,6.3,74,8.1,931.6,19.4,34.2,S,1013.3,3.8,1.3,0.0,0.0,0.0,33.0,33.0,3,5
520,04-02-2014 17:15,30,54,6.3,77,7.8,931.5,11.2,20.9,W,1013.2,4.0,4.2,0.0,0.0,0.0,33.0,33.0,2,4
521,04-02-2014 17:45,30,54,6.3,75,8.1,930.5,17.3,43.9,SE,1012.2,3.9,2.0,0.0,0.0,0.0,33.0,33.0,3,6
522,04-02-2014 18:15,30,54,6.3,78,7.7,930.1,17.3,28.1,S,1011.8,4.1,1.5,0.0,0.0,0.0,33.0,33.0,3,4
523,04-02-2014 18:45,30,54,6.3,80,7.1,930.5,8.6,18.4,S,1012.2,3.9,4.8,0.0,0.0,0.0,33.0,33.0,2,3
524,04-02-2014 19:15,30,54,6.4,81,6.8,929.7,2.5,8.6,SW,1011.4,3.8,6.8,0.0,0.0,0.0,33.0,33.0,1,2
525,04-02-2014 19:45,30,54,6.4,78,7.2,929.9,7.2,20.9,S,1011.6,3.6,5.9,0.0,0.0,0.0,33.0,33.0,2,4
526,04-02-2014 20:15,30,54,6.4,81,7.0,929.2,8.6,22.0,E,1010.9,4.0,4.7,0.0,0.0,0.0,33.0,33.0,2,4
527,04-02-2014 20:45,30,54,6.4,84,6.9,928.9,7.2,11.2,S,1010.6,4.4,5.6,0.0,0.0,0.0,33.0,33.0,2,2
528,04-02-2014 21:15,30,54,6.4,87,6.8,928.4,2.5,6.1,E,1010.1,4.8,6.8,0.0,0.0,0.0,33.0,33.0,1,2
529,04-02-2014 21:45,30,54,6.4,84,7.4,927.9,5.0,9.7,NE,1009.6,4.9,7.4,0.0,0.0,0.0,33.0,33.0,1,2
530,04-02-2014 22:15,30,54,6.4,80,8.2,926.9,17.3,30.6,S,1008.6,5.0,2.1,0.0,0.0,0.0,33.0,33.0,3,5
531,04-02-2014 22:45,30,54,6.4,82,8.3,926.8,24.5,40.3,SE,1008.5,5.4,0.2,0.0,0.0,0.0,33.0,33.0,4,6
532,04-02-2014 23:15,30,55,6.4,81,9.0,926.4,22.0,35.6,S,1008.1,5.9,1.7,0.0,0.0,0.0,33.0,33.0,4,5
533,04-02-2014 23:45,30,54,6.5,83,9.1,926.2,18.4,34.2,W,1007.9,6.4,2.9,0.0,0.0,0.0,33.0,33.0,3,5
534,05-02-2014 00:15,30,55,6.5,84,9.0,926.1,15.8,34.2,SE,1007.8,6.5,3.6,0.0,0.0,0.0,33.0,33.0,3,5
535,05-02-2014 00:45,30,55,6.5,89,8.6,925.9,11.2,17.3,S,1007.6,6.9,5.1,0.0,0.0,0.0,33.0,33.0,2,3
536,05-02-2014 01:15,30,55,6.4,93,8.2,926.0,3.6,13.3,W,1007.7,7.1,8.2,0.0,0.0,0.0,33.0,33.0,1,3
537,05-02-2014 01:45,30,55,6.5,90,8.6,925.9,7.2,14.8,NW,1007.6,7.1,7.4,0.0,0.0,0.0,33.0,33.0,2,3
538,05-02-2014 02:15,30,55,6.5,94,7.9,926.1,2.5,3.6,N,1007.8,7.0,7.9,0.0,0.0,0.0,33.0,33.0,1,1
539,05-02-2014 02:45,30,55,6.5,95,7.7,926.3,6.1,12.2,SW,1008.0,7.0,7.7,0.0,0.0,0.0,33.0,33.0,2,3
540,05-02-2014 03:15,30,55,6.5,84,8.2,926.8,13.3,24.5,W,1008.5,5.7,3.6,0.0,0.0,0.0,33.0,33.0,3,4
541,05-02-2014 03:45,30,55,6.5,74,7.0,927.4,9.7,17.3,S,1009.1,2.7,4.1,0.0,0.0,0.0,33.0,33.0,2,3
542,05-02-2014 04:15,30,55,6.5,74,6.6,927.6,7.2,14.8,SW,1009.3,2.3,5.3,0.0,0.0,0.0,33.0,33.0,2,3
543,05-02-2014 04:45,30,55,6.5,79,6.5,927.8,8.6,15.8,S,1009.5,3.1,4.2,0.0,0.0,0.0,33.0,33.0,2,3
544,05-02-2014 05:15,30,55,6.5,79,6.3,928.1,8.6,17.3,SE,1009.8,2.9,4.0,0.0,0.0,0.0,33.0,33.0,2,3
545,05-02-2014 05:45,30,55,6.5,82,6.2,928.3,6.1,11.2,W,1010.0,3.4,6.2,0.0,0.0,0.0,33.0,33.0,2,2
546,05-02-2014 06:15,30,55,6.5,82,6.8,928.4,11.2,17.3,S,1010.1,4.0,3.0,0.0,0.0,0.0,33.0,33.0,2,3
547,05-02-2014 06:45,30,55,6.5,80,7.1,929.0,11.2,20.9,W,1010.7,3.9,3.4,0.0,0.0,0.0,33.0,33.0,2,4
548,05-02-2014 07:15,30,55,6.5,78,6.8,929.2,7.2,22.0,S,1010.9,3.2,5.5,0.0,0.0,0.0,33.0,33.0,2,4
549,05-02-2014 07:45,30,55,6.5,75,6.5,929.8,12.2,18.4,SW,1011.5,2.4,2.1,0.0,0.0,0.0,33.0,33.0,3,3
550,05-02-2014 08:15,30,55,6.5,75,5.9,930.8,8.6,15.8,NW,1012.5,1.8,3.5,0.0,0.0,0.0,33.0,33.0,2,3
551,05-02-2014 08:45,30,55,6.5,69,5.9,931.4,13.3,24.5,SE,1013.1,0.7,0.9,0.0,0.0,0.0,33.0,33.0,3,4
552,05-02-2014 09:15,30,55,6.5,69,5.6,931.8,5.0,9.7,S,1013.5,0.4,5.6,0.0,0.0,0.0,33.0,33.0,1,2
553,05-02-2014 09:45,30,55,6.5,67,6.2,932.5,8.6,17.3,SE,1014.2,0.5,3.9,0.0,0.0,0.0,33.0,33.0,2,3
554,05-02-2014 10:15,30,55,6.5,67,7.2,933.1,9.7,15.8,NW,1014.8,1.5,4.3,0.0,0.0,0.0,33.0,33.0,2,3
555,05-02-2014 10:45,30,55,6.4,65,8.4,933.7,9.7,17.3,SW,1015.4,2.2,5.6,0.0,0.0,0.0,33.0,33.0,2,3
556,05-02-2014 11:15,30,55,6.5,65,7.9,933.9,14.8,25.6,S,1015.6,1.7,2.7,0.0,0.0,0.0,33.0,33.0,3,4
557,05-02-2014 11:45,30,55,6.5,63,9.1,934.4,7.2,20.9,S,1016.1,2.4,7.9,0.0,0.0,0.0,33.0,33.0,2,4
558,05-02-2014 12:15,30,55,6.5,65,8.9,935.0,2.5,5.0,SW,1016.7,2.7,8.9,0.0,0.0,0.0,33.0,33.0,1,1
559,05-02-2014 12:45,30,55,6.5,57,9.7,935.2,13.3,24.5,E,1016.9,1.6,5.4,0.0,0.0,0.0,33.0,33.0,3,4
560,05-02-2014 13:15,30,55,6.5,54,10.0,935.4,15.8,35.6,SE,1017.1,1.1,4.8,0.0,0.0,0.0,33.0,33.0,3,5
561,05-02-2014 13:45,30,55,6.5,53,10.5,935.8,15.8,24.5,SW,1017.5,1.3,5.4,0.0,0.0,0.0,33.0,33.0,3,4
562,05-02-2014 14:15,30,55,6.5,52,10.7,935.6,13.3,23.4,W,1017.3,1.3,6.6,0.0,0.0,0.0,33.0,33.0,3,4
563,05-02-2014 14:45,30,55,6.5,52,11.3,936.0,14.8,31.7,SW,1017.7,1.8,6.8,0.0,0.0,0.0,33.0,33.0,3,5
564,05-02-2014 15:15,30,55,6.6,51,11.1,936.0,18.4,25.6,SW,1017.7,1.4,5.4,0.0,0.0,0.0,33.0,33.0,3,4
565,05-02-2014 15:45,30,54,6.6,53,11.3,936.2,11.2,25.6,S,1017.9,2.1,8.2,0.0,0.0,0.0,33.0,33.0,2,4
566,05-02-2014 16:15,30,54,6.7,51,11.6,936.5,14.8,27.0,S,1018.2,1.8,7.1,0.0,0.0,0.0,33.0,33.0,3,4
567,05-02-2014 16:45,30,54,6.7,53,11.8,936.8,2.5,8.6,SE,1018.5,2.5,11.8,0.0,0.0,0.0,33.0,33.0,1,2
568,05-02-2014 17:15,30,54,6.8,54,11.3,937.3,9.7,18.4,S,1019.0,2.3,8.9,0.0,0.0,0.0,33.0,33.0,2,3
569,05-02-2014 17:45,30,54,6.9,50,11.3,937.6,7.2,18.4,S,1019.3,1.3,10.2,0.0,0.0,0.0,33.0,33.0,2,3
570,05-02-2014 18:15,30,54,7.0,51,10.2,938.1,7.2,15.8,SSE,1019.8,0.5,9.1,0.0,0.0,0.0,33.0,33.0,2,3
571,05-02-2014 18:45,30,54,7.1,61,8.1,938.7,2.5,5.0,NW,1020.4,1.0,8.1,0.0,0.0,0.0,33.0,33.0,1,1
572,05-02-2014 19:15,30,54,7.1,63,7.5,939.0,5.0,7.2,SE,1020.7,0.9,7.5,0.0,0.0,0.0,33.0,33.0,1,2
573,05-02-2014 19:45,30,54,7.1,64,6.8,939.4,5.0,11.2,S,1021.1,0.5,6.8,0.0,0.0,0.0,33.0,33.0,1,2
574,05-02-2014 20:15,30,54,7.2,65,6.7,939.5,5.0,7.2,S,1021.2,0.6,6.7,0.0,0.0,0.0,33.0,33.0,1,2
575,05-02-2014 20:45,30,54,7.2,70,6.6,939.8,1.1,5.0,S,1021.5,1.5,6.6,0.0,0.0,0.0,33.0,33.0,1,1
576,05-02-2014 21:15,30,54,7.2,74,6.5,939.9,3.6,6.1,SW,1021.6,2.2,6.5,0.0,0.0,0.0,33.0,33.0,1,2
577,05-02-2014 21:45,30,54,7.2,74,6.9,939.9,6.1,12.2,NE,1021.6,2.6,6.9,0.0,0.0,0.0,33.0,33.0,2,3
578,05-02-2014 22:15,30,54,7.2,74,7.2,939.9,6.1,15.8,S,1021.6,2.9,7.2,0.0,0.0,0.0,33.0,33.0,2,3
579,05-02-2014 22:45,30,55,7.2,76,7.1,939.6,5.0,11.2,S,1021.3,3.2,7.1,0.0,0.0,0.0,33.0,33.0,1,2
580,05-02-2014 23:15,30,55,7.3,74,7.6,939.8,6.1,11.2,W,1021.5,3.3,7.6,0.0,0.0,0.0,33.0,33.0,2,2
581,05-02-2014 23:45,30,54,7.3,74,7.7,939.7,7.2,23.4,W,1021.4,3.4,6.5,0.0,0.0,0.0,33.0,33.0,2,4
582,06-02-2014 00:15,30,54,7.3,74,7.7,939.5,13.3,27.0,NW,1021.2,3.4,3.0,0.0,0.0,0.0,33.0,33.0,3,4
583,06-02-2014 00:45,30,54,7.3,77,7.9,939.5,3.6,7.2,E,1021.2,4.1,7.9,0.0,0.0,0.0,33.0,33.0,1,2
584,06-02-2014 01:15,30,54,7.3,79,8.0,939.5,3.6,8.6,S,1021.2,4.6,8.0,0.0,0.0,0.0,33.0,33.0,1,2
585,06-02-2014 01:45,30,54,7.3,77,8.2,939.6,6.1,18.4,S,1021.3,4.4,8.2,0.0,0.0,0.0,33.0,33.0,2,3
586,06-02-2014 02:15,30,54,7.3,77,8.5,939.1,9.7,19.4,SE,1020.8,4.7,5.7,0.0,0.0,0.0,33.0,33.0,2,3
587,06-02-2014 02:45,30,54,7.3,80,8.4,938.6,7.2,11.2,SE,1020.3,5.2,7.2,0.0,0.0,0.0,33.0,33.0,2,2
588,06-02-2014 03:15,30,54,7.3,82,8.6,938.1,8.6,14.8,NE,1019.8,5.7,6.5,0.0,0.0,0.0,33.0,33.0,2,3
589,06-02-2014 03:45,30,55,7.3,83,8.8,937.9,2.5,7.2,S,1019.6,6.1,8.8,0.0,0.0,0.0,33.0,33.0,1,2
590,06-02-2014 04:15,30,55,7.3,84,8.9,937.3,9.7,15.8,S,1019.0,6.4,6.2,0.0,0.0,0.0,33.0,33.0,2,3
591,06-02-2014 04:45,30,55,7.3,84,9.3,936.9,3.6,11.2,SW,1018.6,6.7,9.3,0.0,0.0,0.0,33.0,33.0,1,2
592,06-02-2014 05:15,30,55,7.3,86,9.2,936.5,1.1,6.1,NE,1018.2,7.0,9.2,0.0,0.0,0.0,33.0,33.0,1,2
593,06-02-2014 05:45,30,55,7.3,85,9.5,935.9,7.2,12.2,N,1017.6,7.1,8.4,0.0,0.0,0.0,33.0,33.0,2,3
594,06-02-2014 06:15,30,55,7.3,83,10.0,935.5,8.6,15.8,S,1017.2,7.3,8.0,0.0,0.0,0.0,33.0,33.0,2,3
595,06-02-2014 06:45,30,55,7.3,84,10.1,935.4,3.6,7.2,S,1017.1,7.5,10.1,0.0,0.0,0.0,33.0,33.0,1,2
596,06-02-2014 07:15,30,55,7.3,83,10.7,935.4,18.4,30.6,S,1017.1,7.9,4.9,0.0,0.0,0.0,33.0,33.0,3,5
597,06-02-2014 07:45,30,55,7.3,82,11.2,934.9,11.2,20.9,SE,1016.6,8.3,8.1,0.0,0.0,0.0,33.0,33.0,2,4
598,06-02-2014 08:15,30,55,7.4,80,11.7,934.0,8.6,24.5,SE,1015.7,8.4,9.8,0.0,0.0,0.0,33.0,33.0,2,4
599,06-02-2014 08:45,30,56,7.4,79,12.0,934.2,24.5,37.8,E,1015.9,8.5,5.1,0.0,0.0,0.0,33.0,33.0,4,5
600,06-02-2014 09:15,30,56,7.4,76,12.6,933.6,12.2,18.4,SW,1015.3,8.5,9.2,0.0,0.0,0.0,33.0,33.0,3,3
601,06-02-2014 09:45,30,56,7.4,75,13.0,933.7,15.8,34.2,S,1015.4,8.7,8.5,0.0,0.0,0.0,33.0,33.0,3,5
602,06-02-2014 10:15,30,56,7.5,74,13.2,933.4,14.8,31.7,S,1015.1,8.7,9.1,0.0,0.0,0.0,33.0,33.0,3,5
603,06-02-2014 10:45,30,56,7.5,73,13.7,933.1,12.2,24.5,S,1014.8,9.0,10.5,0.0,0.0,0.0,33.0,33.0,3,4
604,06-02-2014 11:15,30,56,7.5,70,14.1,932.6,14.8,36.7,SE,1014.3,8.7,10.2,0.0,0.0,0.0,33.0,33.0,3,5
605,06-02-2014 11:45,30,57,7.6,67,14.8,931.9,23.4,39.2,SW,1013.6,8.8,9.0,0.0,0.0,0.0,33.0,33.0,4,6
606,06-02-2014 12:15,30,57,7.7,68,15.1,930.3,14.8,34.2,SE,1012.0,9.3,11.4,0.0,0.0,0.0,33.0,33.0,3,5
607,06-02-2014 12:45,30,58,7.8,67,15.7,930.2,23.4,39.2,SWW,1011.9,9.6,10.2,0.0,0.0,0.0,33.0,33.0,4,6
608,06-02-2014 13:15,30,58,7.9,65,16.0,930.0,17.3,28.1,S,1011.7,9.4,11.8,0.0,0.0,0.0,33.0,33.0,3,4
609,06-02-2014 13:45,30,58,7.9,63,16.5,928.7,22.0,37.8,E,1010.4,9.5,11.5,0.0,0.0,0.0,33.0,33.0,4,5
610,06-02-2014 14:15,30,58,8.0,66,16.2,928.3,30.6,46.4,SE,1010.0,9.9,9.8,0.0,0.0,0.0,33.0,33.0,5,6
611,06-02-2014 14:45,30,58,8.1,64,16.7,927.7,19.4,41.8,SE,1009.4,9.9,12.2,0.0,0.0,0.0,33.0,33.0,3,6
612,06-02-2014 15:15,30,59,8.2,60,17.5,926.0,15.8,33.1,SW,1007.7,9.7,14.0,0.0,0.0,0.0,33.0,33.0,3,5
613,06-02-2014 15:45,30,59,8.3,57,17.9,925.4,31.7,47.9,S,1007.1,9.3,12.0,0.0,0.0,0.0,33.0,33.0,5,6
614,06-02-2014 16:15,30,59,8.4,54,18.2,925.1,20.9,36.7,S,1006.8,8.8,13.9,0.0,0.0,0.0,33.0,33.0,4,5
615,06-02-2014 16:45,30,59,8.6,53,17.4,925.2,34.2,51.5,SE,1006.9,7.7,11.1,0.0,0.0,0.0,33.0,33.0,5,7
616,06-02-2014 17:15,30,59,8.7,63,16.2,925.5,14.8,33.1,SE,1007.2,9.2,12.7,0.0,0.0,0.0,33.0,33.0,3,5
617,06-02-2014 17:45,30,59,8.8,87,13.0,926.7,9.7,20.9,S,1008.4,10.9,10.7,0.0,0.0,0.0,33.0,33.0,2,4
618,06-02-2014 18:15,30,59,8.9,82,11.3,927.7,19.4,30.6,NWW,1009.4,8.4,5.4,0.0,0.0,0.0,33.0,33.0,3,5
619,06-02-2014 18:45,30,59,9.0,87,9.6,928.9,17.3,33.1,SW,1010.6,7.6,3.9,0.0,0.0,0.0,33.0,33.0,3,5
620,06-02-2014 19:15,30,60,9.0,85,8.8,929.9,19.4,33.1,SE,1011.6,6.4,2.2,0.0,0.0,0.0,33.0,33.0,3,5
621,06-02-2014 19:45,30,60,9.1,81,8.8,929.5,12.2,29.5,SW,1011.2,5.7,4.8,0.0,0.0,0.0,33.0,33.0,3,5
622,06-02-2014 20:15,30,59,9.1,79,9.0,929.5,11.2,22.0,SW,1011.2,5.6,5.6,0.0,0.0,0.0,33.0,33.0,2,4
623,06-02-2014 20:45,30,59,9.1,78,9.3,929.8,9.7,18.4,S,1011.5,5.7,6.6,0.0,0.0,0.0,33.0,33.0,2,3
624,06-02-2014 21:15,30,59,9.1,77,9.3,930.1,9.7,23.4,S,1011.8,5.5,6.6,0.0,0.0,0.0,33.0,33.0,2,4
625,06-02-2014 21:45,30,59,9.2,77,9.3,930.3,11.2,25.6,S,1012.0,5.5,5.9,0.0,0.0,0.0,33.0,33.0,2,4
626,06-02-2014 22:15,30,59,9.2,77,9.3,930.4,11.2,24.5,S,1012.1,5.5,5.9,0.0,0.0,0.0,33.0,33.0,2,4
627,06-02-2014 22:45,30,59,9.2,74,9.2,930.5,18.4,41.8,S,1012.2,4.8,3.0,0.0,0.0,0.0,33.0,33.0,3,6
628,06-02-2014 23:15,30,59,9.2,82,8.2,930.6,9.7,15.8,SW,1012.3,5.3,5.4,0.0,0.0,0.0,33.0,33.0,2,3
629,06-02-2014 23:45,30,59,9.2,80,8.1,931.4,7.2,18.4,S,1013.1,4.9,6.9,0.0,0.0,0.0,33.0,33.0,2,3
630,07-02-2014 00:15,30,59,9.2,77,8.2,932.4,13.3,24.5,NE,1014.1,4.4,3.6,0.0,0.0,0.0,33.0,33.0,3,4
631,07-02-2014 00:45,30,58,9.2,75,8.0,932.8,7.2,14.8,S,1014.5,3.9,6.8,0.0,0.0,0.0,33.0,33.0,2,3
632,07-02-2014 01:15,30,58,9.2,76,7.6,933.2,11.2,30.6,S,1014.9,3.7,4.0,0.0,0.0,0.0,33.0,33.0,2,5
633,07-02-2014 01:45,30,58,9.1,76,7.3,933.8,8.6,15.8,S,1015.5,3.4,5.1,0.0,0.0,0.0,33.0,33.0,2,3
634,07-02-2014 02:15,30,58,9.1,76,7.2,934.5,7.2,15.8,S,1016.2,3.3,5.9,0.0,0.0,0.0,33.0,33.0,2,3
635,07-02-2014 02:45,30,58,9.1,74,7.2,935.4,7.2,12.2,SW,1017.1,2.9,5.9,0.0,0.0,0.0,33.0,33.0,2,3
636,07-02-2014 03:15,30,58,9.1,74,7.2,936.2,8.6,18.4,SE,1017.9,2.9,5.0,0.0,0.0,0.0,33.0,33.0,2,3
637,07-02-2014 03:45,30,58,9.0,75,6.8,936.3,3.6,8.6,SW,1018.0,2.7,6.8,0.0,0.0,0.0,33.0,33.0,1,2
638,07-02-2014 04:15,30,59,9.2,74,6.6,936.9,5.0,11.2,W,1018.6,2.3,6.6,0.0,0.0,0.0,33.0,33.0,1,2
639,07-02-2014 04:45,30,59,9.8,74,6.3,937.3,3.6,7.2,S,1019.0,2.0,6.3,0.0,0.0,0.0,33.0,33.0,1,2
640,07-02-2014 05:15,30,59,10.5,75,5.9,937.5,7.2,15.8,SE,1019.2,1.8,4.6,0.0,0.0,0.0,33.0,33.0,2,3
641,07-02-2014 05:45,30,59,11.1,77,5.6,938.4,5.0,9.7,NW,1020.1,1.9,5.6,0.0,0.0,0.0,33.0,33.0,1,2
642,07-02-2014 06:15,30,58,11.6,76,5.5,938.8,7.2,13.3,S,1020.5,1.6,4.2,0.0,0.0,0.0,33.0,33.0,2,3
643,07-02-2014 06:45,30,58,12.1,78,4.6,939.4,3.6,8.6,W,1021.1,1.1,4.6,0.0,0.0,0.0,33.0,33.0,1,2
644,07-02-2014 07:15,30,58,12.5,79,4.2,939.8,5.0,9.7,SW,1021.5,0.9,4.2,0.0,0.0,0.0,33.0,33.0,1,2
645,07-02-2014 07:45,30,57,12.8,79,3.5,940.4,1.1,3.6,NW,1022.1,0.2,3.5,0.0,0.0,0.0,33.0,33.0,1,1
646,07-02-2014 08:15,30,56,13.2,79,3.1,940.8,2.5,6.1,NW,1022.5,-0.2,3.1,0.0,0.0,0.0,33.0,33.0,1,2
647,07-02-2014 08:45,30,56,13.4,76,3.5,941.5,3.6,8.6,W,1023.2,-0.3,3.5,0.0,0.0,0.0,33.0,33.0,1,2
648,07-02-2014 09:15,30,56,13.7,74,4.7,941.6,3.6,7.2,W,1023.3,0.5,4.7,0.0,0.0,0.0,33.0,33.0,1,2
649,07-02-2014 09:45,30,55,14.0,63,7.0,942.3,8.6,13.3,S,1024.0,0.4,4.7,0.0,0.0,0.0,33.0,33.0,2,3
650,07-02-2014 10:15,30,55,14.2,69,5.9,942.7,2.5,7.2,W,1024.4,0.7,5.9,0.0,0.0,0.0,33.0,33.0,1,2
651,07-02-2014 10:45,30,55,14.4,72,5.5,942.9,2.5,6.1,SW,1024.6,0.9,5.5,0.0,0.0,0.0,33.0,33.0,1,2
652,07-02-2014 11:15,30,54,14.6,70,5.7,942.9,8.6,15.8,SSW,1024.6,0.7,3.3,0.0,0.0,0.0,33.0,33.0,2,3
653,07-02-2014 11:45,30,54,14.8,71,6.2,943.4,12.2,19.4,S,1025.1,1.3,1.8,0.0,0.0,0.0,33.0,33.0,3,3
654,07-02-2014 12:15,30,54,15.0,67,7.7,943.4,7.2,17.3,SW,1025.1,2.0,6.5,0.0,0.0,0.0,33.0,33.0,2,3
655,07-02-2014 12:45,30,53,15.2,66,8.9,942.9,14.8,24.5,SW,1024.6,2.9,3.9,0.0,0.0,0.0,33.0,33.0,3,4
656,07-02-2014 13:15,30,53,15.4,66,9.5,942.6,17.3,27.0,SE,1024.3,3.5,3.7,0.0,0.0,0.0,33.0,33.0,3,4
657,07-02-2014 13:45,30,53,15.6,66,10.3,942.0,7.2,22.0,E,1023.7,4.2,9.2,0.0,0.0,0.0,33.0,33.0,2,4
658,07-02-2014 14:15,30,52,15.7,63,10.0,941.7,13.3,22.0,S,1023.4,3.3,5.8,0.0,0.0,0.0,33.0,33.0,3,4
659,07-02-2014 14:45,30,51,16.0,66,10.1,941.3,9.7,18.4,S,1023.0,4.0,7.5,0.0,0.0,0.0,33.0,33.0,2,3
660,07-02-2014 15:15,30,53,16.5,68,9.2,941.1,9.7,18.4,NW,1022.8,3.6,6.5,0.0,0.0,0.0,33.0,33.0,2,3
661,07-02-2014 15:45,30,53,16.8,69,8.8,941.3,12.2,24.5,SW,1023.0,3.4,4.8,0.0,0.0,0.0,33.0,33.0,3,4
662,07-02-2014 16:15,30,53,17.0,69,9.1,941.0,6.1,12.2,SE,1022.7,3.7,9.1,0.0,0.0,0.0,33.0,33.0,2,3
